1.000000000 0.000000000 0.000000000 0.000000000 0.000000000 1.000000000 0.000000000 0.000000000 0.000000000 0.000000000 1.000000000 0.000000000
0.999998689 0.000728880 0.001465069 -0.006691474 -0.000722222 0.999989450 -0.004539912 -0.002627808 -0.001468362 0.004538848 0.999988616 0.964408219
0.999996722 -0.001404766 0.002131839 -0.002138412 0.001416180 0.999984622 -0.005362116 -0.000557106 -0.002124273 0.005365117 0.999983370 1.918867230
0.999993503 -0.002435441 0.002660389 -0.008936028 0.002438889 0.999996185 -0.001293301 -0.004053852 -0.002657229 0.001299781 0.999995649 2.860367060
0.999986112 -0.004816688 0.002102969 -0.006999819 0.004806441 0.999976635 0.004851029 -0.007178196 -0.002126287 -0.004840854 0.999985993 3.808283806
0.999963701 -0.008500520 0.000507305 -0.003476210 0.008497872 0.999951422 0.005013938 -0.005178065 -0.000549901 -0.005009445 0.999987304 4.745530605
0.999939442 -0.011004106 -0.000166699 -0.004804709 0.011004411 0.999937534 0.001964950 -0.001090061 0.000145066 -0.001966666 0.999998033 5.675336838
0.999929726 -0.011794328 -0.001171944 -0.007274457 0.011792224 0.999928892 -0.001786338 0.006113597 0.001192929 0.001772392 0.999997735 6.605689049
0.999936044 -0.011186577 -0.001616504 -0.014471939 0.011183726 0.999935925 -0.001762605 -0.003376371 0.001636118 0.001744413 0.999997139 7.529755592
0.999934316 -0.011103759 -0.002864450 -0.021635128 0.011103976 0.999938309 0.000059655 -0.002756080 0.002863610 -0.000091458 0.999995887 8.445446968
0.999937773 -0.010672230 -0.003222632 -0.033144735 0.010680353 0.999939799 0.002513840 0.005316148 0.003195610 -0.002548102 0.999991655 9.384826660
0.999931514 -0.011013308 -0.003964775 -0.044115402 0.011029581 0.999930739 0.004105846 0.007416915 0.003919281 -0.004149294 0.999983668 10.306609154
0.999914706 -0.012115003 -0.004872085 -0.045182414 0.012138854 0.999914348 0.004895878 0.009851499 0.004812354 -0.004954601 0.999976099 11.218656540
0.999905765 -0.012453830 -0.005775928 -0.052438118 0.012483685 0.999908745 0.005161714 0.009868501 0.005711117 -0.005233332 0.999969959 12.133290291
0.999899030 -0.012795440 -0.006189150 -0.065827116 0.012816720 0.999912083 0.003410881 0.016538605 0.006144961 -0.003489861 0.999975026 13.034480095
0.999883831 -0.013251912 -0.007525381 -0.075988561 0.013262719 0.999911070 0.001388206 0.023490747 0.007506315 -0.001487851 0.999970734 13.934319496
0.999850929 -0.014553100 -0.009292018 -0.084163539 0.014552237 0.999894083 -0.000160521 0.029874891 0.009293368 0.000025278 0.999956846 14.840040207
0.999841034 -0.014217347 -0.010760682 -0.104096062 0.014209462 0.999898672 -0.000808757 0.030413454 0.010771091 0.000655725 0.999941826 15.748810768
0.999839842 -0.013086227 -0.012206336 -0.118809819 0.013065926 0.999913037 -0.001741287 0.030327160 0.012228063 0.001581522 0.999924064 16.647253036
0.999833763 -0.011993204 -0.013732127 -0.135915801 0.011973793 0.999927163 -0.001494878 0.028640609 0.013749056 0.001330204 0.999904573 17.519721985
0.999801397 -0.012548184 -0.015476755 -0.151398420 0.012537219 0.999921143 -0.000805271 0.029969722 0.015485638 0.000611075 0.999879837 18.413084030
0.999782860 -0.012221594 -0.016875343 -0.172277570 0.012238276 0.999924719 0.000885688 0.025405727 0.016863247 -0.001092021 0.999857128 19.303657532
0.999764383 -0.011861544 -0.018180672 -0.194225192 0.011893481 0.999927938 0.001649524 0.024850897 0.018159796 -0.001865366 0.999833286 20.182312012
0.999728382 -0.012659071 -0.019565372 -0.213049471 0.012685777 0.999918699 0.001241427 0.027532278 0.019548068 -0.001489292 0.999807775 21.061811447
0.999689758 -0.012536417 -0.021522105 -0.232883647 0.012546462 0.999921203 0.000331745 0.033110414 0.021516250 -0.000601668 0.999768376 21.935146332
0.999666691 -0.012648541 -0.022508649 -0.257228047 0.012672910 0.999919176 0.000940291 0.032524396 0.022494940 -0.001225228 0.999746263 22.799676895
0.999648690 -0.012428145 -0.023406474 -0.282434434 0.012499799 0.999917626 0.002917563 0.034707051 0.023368284 -0.003209115 0.999721766 23.653308868
0.999616861 -0.013429625 -0.024199890 -0.303809017 0.013568214 0.999892533 0.005571849 0.037859239 0.024122458 -0.005898064 0.999691546 24.498416901
0.999584436 -0.014071779 -0.025157677 -0.327129364 0.014260843 0.999871314 0.007351588 0.038498562 0.025050990 -0.007707303 0.999656439 25.342437744
0.999589264 -0.012950450 -0.025564104 -0.352696389 0.013113125 0.999894679 0.006206110 0.037638053 0.025481040 -0.006538786 0.999653876 26.166698456
0.999592364 -0.011287159 -0.026227005 -0.381653875 0.011382675 0.999929011 0.003495443 0.043073814 0.026185693 -0.003792551 0.999649882 26.974723816
0.999581993 -0.010843598 -0.026799779 -0.410650522 0.010895469 0.999939024 0.001790278 0.044987973 0.026778733 -0.002081526 0.999639273 27.780828476
0.999565125 -0.009664604 -0.027858952 -0.433627427 0.009700262 0.999952316 0.001145073 0.052364096 0.027846556 -0.001414814 0.999611199 28.573217392
0.999522090 -0.009528734 -0.029408630 -0.455891043 0.009556310 0.999954045 0.000797267 0.050990183 0.029399684 -0.001077924 0.999567151 29.362491608
0.999468029 -0.009467673 -0.031207476 -0.488245487 0.009470930 0.999955118 -0.000043416 0.049521759 0.031206487 -0.000252171 0.999512911 30.139560699
0.999398351 -0.009670413 -0.033308178 -0.514304340 0.009673933 0.999953210 -0.000055525 0.048698135 0.033307157 -0.000266730 0.999445140 30.911951065
0.999330282 -0.009874825 -0.035235267 -0.545295835 0.009922998 0.999950051 0.001192552 0.050594170 0.035221733 -0.001541392 0.999378324 31.664022446
0.999247253 -0.009913971 -0.037506633 -0.573853910 0.010055848 0.999942958 0.003595985 0.052120090 0.037468843 -0.003970438 0.999289930 32.411674500
0.999184132 -0.009043798 -0.039358754 -0.606282711 0.009234163 0.999946535 0.004657530 0.056178182 0.039314531 -0.005017176 0.999214232 33.177761078
0.999122798 -0.007502953 -0.041196473 -0.643405616 0.007707964 0.999958694 0.004819803 0.059410959 0.041158605 -0.005133118 0.999139428 33.903186798
0.999060750 -0.005109363 -0.043029018 -0.681301534 0.005292961 0.999977410 0.004153998 0.057525832 0.043006819 -0.004377848 0.999065220 34.613048553
0.998974800 -0.004080542 -0.045086030 -0.711845875 0.004240975 0.999985039 0.003463327 0.062861770 0.045071226 -0.003650985 0.998977065 35.334888458
0.998886883 -0.003935475 -0.047004834 -0.743592799 0.004141004 0.999982297 0.004275944 0.069210604 0.046987176 -0.004465832 0.998885512 36.042083740
0.998848259 -0.002423155 -0.047918640 -0.784072042 0.002727579 0.999976516 0.006288585 0.073412865 0.047902271 -0.006412044 0.998831511 36.737941742
0.998856902 0.000357622 -0.047798935 -0.827844441 -0.000019044 0.999974847 0.007083638 0.070111632 0.047800262 -0.007074630 0.998831868 37.411636353
0.998896480 0.003622994 -0.046826750 -0.861754715 -0.003394605 0.999981880 0.004955914 0.072499454 0.046843860 -0.004791486 0.998890758 38.082050323
0.998965859 0.005503255 -0.045132551 -0.900280833 -0.005414659 0.999983132 0.002085061 0.072513498 0.045143265 -0.001838527 0.998978853 38.731861115
0.999054670 0.005675832 -0.043098096 -0.927913547 -0.005692109 0.999983907 -0.000254984 0.083317995 0.043095954 0.000500062 0.999070823 39.385940552
0.999173999 0.006458288 -0.040118951 -0.954429746 -0.006432174 0.999979138 0.000779945 0.081669964 0.040123146 -0.000521248 0.999194622 40.030578613
0.999255061 0.011375314 -0.036876399 -0.989437640 -0.011257210 0.999930859 0.003408706 0.085375108 0.036912620 -0.002991042 0.999314070 40.667144775
0.999318779 0.015590002 -0.033449013 -1.008146644 -0.015376448 0.999859750 0.006632218 0.088731021 0.033547714 -0.006113373 0.999418437 41.304557800
0.999361694 0.020544661 -0.029226728 -1.031583786 -0.020333121 0.999764979 0.007516860 0.092804633 0.029374288 -0.006917791 0.999544561 41.912586212
0.999412537 0.024432989 -0.024034077 -1.050957918 -0.024251150 0.999675214 0.007828395 0.098620854 0.024217539 -0.007240942 0.999680519 42.498001099
0.999436498 0.028422272 -0.017855160 -1.075675130 -0.028253090 0.999554098 0.009657206 0.107540652 0.018121675 -0.009147302 0.999793947 43.067787170
0.999382138 0.033099186 -0.011822782 -1.071653247 -0.032968998 0.999395311 0.011042222 0.104275778 0.012181121 -0.010645616 0.999869108 43.626434326
0.999323666 0.036477074 -0.004654333 -1.079324245 -0.036425505 0.999278843 0.010721570 0.107292049 0.005042068 -0.010544783 0.999931633 44.158599854
0.999205410 0.039769303 0.002675178 -1.084357381 -0.039795887 0.999150038 0.010749611 0.108482197 -0.002245399 -0.010847530 0.999938607 44.666507721
0.998984396 0.043943949 0.009954870 -1.080921054 -0.044044655 0.998978198 0.010132307 0.113144167 -0.009499444 -0.010560475 0.999899089 45.161106110
0.998691618 0.047981381 0.017687008 -1.077334762 -0.048117056 0.998814762 0.007326429 0.118738502 -0.017314510 -0.008167891 0.999816716 45.636531830
0.998427272 0.050011974 0.025332788 -1.062383056 -0.050142244 0.998731732 0.004532960 0.114618525 -0.025073962 -0.005796074 0.999668777 46.086307526
0.998176992 0.050396193 0.033210721 -1.047096729 -0.050568268 0.998710990 0.004361411 0.116651952 -0.032948118 -0.006032869 0.999438882 46.515960693
0.997928321 0.049498223 0.041097526 -1.023566008 -0.049769018 0.998745084 0.005591590 0.118370391 -0.040769178 -0.007625389 0.999139488 46.910991669
0.997468293 0.051695727 0.048831459 -0.998676538 -0.052063927 0.998623908 0.006297821 0.121424764 -0.048438691 -0.008824235 0.998787224 47.299793243
0.996812165 0.054715469 0.058065906 -0.990833282 -0.055197280 0.998452842 0.006725308 0.116124108 -0.057608087 -0.009908947 0.998290062 47.661685944
0.996009350 0.059743941 0.066302918 -0.959847093 -0.060268488 0.998164594 0.005937822 0.120802805 -0.065826468 -0.009910102 0.997781873 47.987178802
0.995125830 0.063378327 0.075548969 -0.942232072 -0.064029790 0.997928560 0.006229960 0.114584588 -0.074997619 -0.011036982 0.997122645 48.288909912
0.994412303 0.062657416 0.084960379 -0.912889063 -0.063475244 0.997959197 0.006956458 0.112378135 -0.084351107 -0.012310469 0.996360004 48.571212769
0.993529022 0.061429523 0.095532700 -0.874098480 -0.062187336 0.998052120 0.004972735 0.114116848 -0.095041141 -0.010881482 0.995413899 48.850196838
0.992413223 0.060006112 0.107308619 -0.840045393 -0.060421009 0.998172760 0.000616467 0.109959945 -0.107075557 -0.007095485 0.994225562 49.109340668
0.990822852 0.061020866 0.120608985 -0.799011767 -0.061036166 0.998129189 -0.003570855 0.112012669 -0.120601229 -0.003823425 0.992693663 49.376239777
0.988719165 0.062489666 0.136123523 -0.759016216 -0.062280964 0.998041868 -0.005795566 0.110617474 -0.136219129 -0.002747717 0.990674973 49.636116028
0.986239433 0.064428173 0.152252287 -0.709712625 -0.064108379 0.997918308 -0.007013757 0.105392203 -0.152387232 -0.002843401 0.988316774 49.886577606
0.983480752 0.064925857 0.168968379 -0.653437972 -0.064484596 0.997885883 -0.008103446 0.103799365 -0.169137269 -0.002926275 0.985588193 50.148368835
0.980221450 0.063965380 0.187281728 -0.595528245 -0.063287511 0.997949123 -0.009602808 0.107267134 -0.187511921 -0.002439716 0.982259333 50.405544281
0.976326406 0.063353188 0.206816778 -0.531904817 -0.062693663 0.997985184 -0.009748125 0.100914694 -0.207017675 -0.003448750 0.978331149 50.647819519
0.971880198 0.063318729 0.226803243 -0.455658972 -0.062486008 0.997986734 -0.010856759 0.095982604 -0.227034092 -0.003620559 0.973880053 50.883789062
0.966645122 0.065393187 0.247630313 -0.376053780 -0.064087570 0.997855186 -0.013338353 0.097520851 -0.247971445 -0.002976571 0.968762755 51.121082306
0.960394621 0.066918686 0.270488530 -0.294492632 -0.065236822 0.997753859 -0.015214246 0.090316363 -0.270899087 -0.003034134 0.962602973 51.359230042
0.953163266 0.068115622 0.294686288 -0.199056372 -0.066230431 0.997669816 -0.016385159 0.082729347 -0.295115680 -0.003899464 0.955453575 51.607105255
0.944730043 0.070737474 0.320127100 -0.098650746 -0.068816505 0.997478843 -0.017324718 0.076862343 -0.320545524 -0.005662845 0.947216213 51.839912415
0.934790492 0.073059291 0.347604722 0.006176663 -0.071146436 0.997298479 -0.018281931 0.066962071 -0.348001301 -0.007641062 0.937462986 52.080867767
0.923661172 0.073691882 0.376057982 0.126488611 -0.071566544 0.997242510 -0.019639082 0.059900820 -0.376468241 -0.008773312 0.926388025 52.319114685
0.911117673 0.071665622 0.405867785 0.267113566 -0.068703145 0.997397184 -0.021885034 0.051819995 -0.406379789 -0.007944555 0.913669705 52.550460815
0.896209180 0.069119237 0.438214034 0.411091626 -0.064935640 0.997587502 -0.024546361 0.043832432 -0.438853472 -0.006457034 0.898535430 52.780693054
0.878873825 0.068577647 0.472099334 0.568282604 -0.062440481 0.997636616 -0.028676722 0.033808827 -0.472950190 -0.004274891 0.881078780 53.002899170
0.859470129 0.070172176 0.506346583 0.731765509 -0.061482448 0.997532845 -0.033883359 0.027775781 -0.507475197 -0.002009697 0.861664057 53.222187042
0.837756157 0.071954623 0.541282892 0.917352736 -0.060843360 0.997407615 -0.038420189 0.018039718 -0.542644322 -0.000746725 0.839962304 53.447601318
0.813131332 0.074832425 0.577249825 1.113143682 -0.061828710 0.997195005 -0.042178720 0.011134245 -0.578787148 -0.001393780 0.815477431 53.676761627
0.785689294 0.078893803 0.613569975 1.325396061 -0.064927228 0.996873021 -0.045038842 -0.002232815 -0.615204751 -0.004450866 0.788354814 53.910579681
0.755821407 0.083358914 0.649450004 1.550667048 -0.068648614 0.996484995 -0.048009567 -0.015709382 -0.651169300 -0.008297198 0.758887172 54.138675690
0.722791553 0.084325723 0.685902059 1.810280442 -0.068159252 0.996386707 -0.050672110 -0.032659296 -0.687696695 -0.010125206 0.725927472 54.373741150
0.686041117 0.081954792 0.722932220 2.093080044 -0.064640902 0.996571898 -0.051633507 -0.054065593 -0.724685609 -0.011308290 0.688986838 54.605003357
0.647147417 0.080115966 0.758143663 2.383169413 -0.061460961 0.996708691 -0.052863304 -0.079475828 -0.759883404 -0.012385894 0.649941444 54.802909851
0.604580104 0.079464138 0.792570770 2.717262030 -0.059336845 0.996739805 -0.054671708 -0.100576371 -0.794331193 -0.013975224 0.607324183 55.023281097
0.558355272 0.079496123 0.825784326 3.077481508 -0.056042645 0.996738791 -0.058060154 -0.119192719 -0.827706814 -0.013860952 0.560989559 55.234828949
0.509692430 0.078093886 0.856805086 3.441794872 -0.052752584 0.996834815 -0.059475742 -0.145862028 -0.858737886 -0.014884352 0.512198865 55.424148560
0.461655051 0.076435514 0.883760273 3.873856783 -0.050790217 0.996923864 -0.059691351 -0.164207026 -0.885604262 -0.017329553 0.464117199 55.605918884
0.412449062 0.074107856 0.907961369 4.308423042 -0.049809977 0.997029126 -0.058750987 -0.185123637 -0.909617901 -0.020993745 0.414915115 55.768894196
0.361681372 0.073709503 0.929383397 4.765645504 -0.053068332 0.996881127 -0.058410533 -0.209251061 -0.930790186 -0.028194828 0.364464968 55.938419342
0.312420547 0.074472785 0.947020173 5.222282410 -0.051657151 0.996779025 -0.061344165 -0.231660515 -0.948538303 -0.029755192 0.315261304 56.061019897
0.265660018 0.071096249 0.961441636 5.703613281 -0.040377896 0.997222483 -0.062585175 -0.262015045 -0.963220775 -0.022194618 0.267792851 56.144874573
0.221541375 0.065389633 0.972956121 6.226331711 -0.026902275 0.997779250 -0.060932305 -0.286116362 -0.974779785 -0.012675710 0.222808510 56.224254608
0.179149687 0.064227000 0.981723189 6.751678944 -0.018285714 0.997911811 -0.061949238 -0.319109529 -0.983651876 -0.006853327 0.179949999 56.292755127
0.140645668 0.065619327 0.987883031 7.259946346 -0.015097872 0.997827232 -0.064130381 -0.344583809 -0.989944875 -0.005895271 0.141330793 56.336166382
0.107785799 0.066234529 0.991965353 7.802743912 -0.006576307 0.997803926 -0.065909803 -0.379074395 -0.994152427 0.000580672 0.107984662 56.368881226
0.079173490 0.064516060 0.994770944 8.362969398 0.000976726 0.997897983 -0.064796597 -0.412464976 -0.996860385 0.006101789 0.078944035 56.386882782
0.054101184 0.062596247 0.996571481 8.924871445 0.007490021 0.997979581 -0.063091308 -0.449634761 -0.998507440 0.010877655 0.053523034 56.396369934
0.034092169 0.061974544 0.997495294 9.501804352 0.012640980 0.997968853 -0.062436014 -0.470648348 -0.999338746 0.014737897 0.033239499 56.400421143
0.018413767 0.063889384 0.997787058 10.092568398 0.015605832 0.997816265 -0.064179264 -0.495217949 -0.999708652 0.016753079 0.017376514 56.398349762
0.004658468 0.063527241 0.997969210 10.674428940 0.015817536 0.997850537 -0.063593522 -0.532535136 -0.999863982 0.016081661 0.003643612 56.393501282
-0.006595342 0.064512461 0.997895122 11.286741257 0.016888617 0.997781694 -0.064393513 -0.565658391 -0.999835610 0.016428372 -0.007670239 56.377471924
-0.015911542 0.067490883 0.997592926 11.926574707 0.021992579 0.997501552 -0.067133918 -0.599720001 -0.999631524 0.020871440 -0.017356085 56.370098114
-0.022313520 0.069263823 0.997348785 12.547671318 0.026163550 0.997296035 -0.068674803 -0.635082066 -0.999408662 0.024561808 -0.024065370 56.340679169
-0.026992422 0.068722442 0.997270525 13.200162888 0.025938880 0.997346342 -0.068025596 -0.672257245 -0.999299049 0.024031909 -0.028703375 56.327369690
-0.030647527 0.066197418 0.997335792 13.861619949 0.024381954 0.997557104 -0.065462865 -0.703288794 -0.999232829 0.022310721 -0.032186676 56.306282043
-0.033039954 0.059160024 0.997701645 14.538227081 0.022085488 0.998046100 -0.058449075 -0.742397130 -0.999210000 0.020103572 -0.034281973 56.289295197
-0.034195635 0.053675428 0.997972846 15.222543716 0.023354586 0.998327076 -0.052894235 -0.774121165 -0.999142289 0.021498490 -0.035391994 56.263565063
-0.035016678 0.050874382 0.998090923 15.922710419 0.025736693 0.998418093 -0.049988121 -0.810883820 -0.999055266 0.023937142 -0.036270626 56.236766815
-0.034760289 0.053264003 0.997975171 16.619489670 0.029174596 0.998207211 -0.052260198 -0.847487450 -0.998969734 0.027298946 -0.036251929 56.208854675
-0.033669576 0.060812887 0.997581065 17.323926926 0.030091673 0.997756302 -0.059807930 -0.874905407 -0.998979867 0.028005179 -0.035423990 56.183471680
-0.031918272 0.068904765 0.997112453 18.028732300 0.030786270 0.997215331 -0.067926370 -0.909203470 -0.999016166 0.028529286 -0.033950709 56.169933319
-0.029386681 0.069620326 0.997140646 18.768415451 0.031613477 0.997137129 -0.068688408 -0.945372641 -0.999068081 0.029504551 -0.031503491 56.135578156
-0.027087357 0.065295473 0.997498333 19.500062943 0.030975983 0.997440100 -0.064450502 -0.985516131 -0.999153018 0.029152697 -0.029040605 56.119411469
-0.024448467 0.058766462 0.997972310 20.246099472 0.030605944 0.997846842 -0.058009285 -1.031769753 -0.999232531 0.029125646 -0.026194425 56.100994110
-0.021889482 0.057084642 0.998129368 20.982568741 0.028730804 0.997992158 -0.056446720 -1.073619485 -0.999347508 0.027441472 -0.023485616 56.093929291
-0.018596932 0.062113315 0.997895837 21.727649689 0.036096081 0.997459471 -0.061413474 -1.123318076 -0.999175191 0.034878030 -0.020791736 56.068828583
-0.015619108 0.067585900 0.997591257 22.460203171 0.037927330 0.997034967 -0.066954389 -1.163717031 -0.999158382 0.036790203 -0.018136147 56.059993744
-0.013017215 0.068079732 0.997594953 23.201534271 0.031750258 0.997204542 -0.067638792 -1.206395030 -0.999411047 0.030793430 -0.015142376 56.063274384
-0.009804999 0.064455435 0.997872412 23.958360672 0.027448604 0.997561693 -0.064165644 -1.249548912 -0.999575138 0.026761066 -0.011550303 56.069412231
-0.005015930 0.060965296 0.998127282 24.693126678 0.031472683 0.997654974 -0.060778286 -1.297557354 -0.999491990 0.031108888 -0.006922909 56.052307129
-0.001084675 0.062127326 0.998067558 25.437580109 0.035934255 0.997426033 -0.062048331 -1.342066884 -0.999353588 0.035797514 -0.003314382 56.040561676
0.001072182 0.066629179 0.997777283 26.170494080 0.035495341 0.997146547 -0.066625200 -1.386283040 -0.999369264 0.035487879 -0.001295902 56.052982330
0.005632136 0.067316048 0.997715771 26.924711227 0.031828567 0.997214019 -0.067461863 -1.429282188 -0.999477506 0.032135826 0.003473873 56.054767609
0.008653357 0.066874549 0.997723877 27.687072754 0.031333666 0.997253120 -0.067114763 -1.478001475 -0.999471545 0.031843115 0.006534162 56.075942993
0.012371695 0.063755132 0.997888863 28.426784515 0.035219144 0.997318208 -0.064155325 -1.524424434 -0.999303043 0.035938501 0.010093116 56.081405640
0.016308473 0.064474292 0.997786105 29.174535751 0.039901443 0.997081876 -0.065080963 -1.570581794 -0.999070525 0.040874481 0.013688267 56.086914062
0.019327637 0.064869732 0.997706592 29.925352097 0.042562652 0.996934950 -0.065644108 -1.622500062 -0.998906910 0.043733779 0.016507370 56.108573914
0.022077600 0.064821310 0.997652590 30.679391861 0.043195352 0.996902168 -0.065728441 -1.670425177 -0.998822689 0.044545084 0.019209228 56.121273041
0.025605064 0.063175000 0.997673988 31.429830551 0.044679638 0.996931553 -0.064274669 -1.717179179 -0.998673141 0.046221472 0.022703860 56.142902374
0.029067477 0.062719874 0.997607708 32.181873322 0.046408456 0.996868610 -0.064025596 -1.757199764 -0.998499572 0.048158500 0.026065722 56.168258667
0.032237880 0.062483929 0.997525096 32.936714172 0.045358319 0.996924222 -0.063912153 -1.808148980 -0.998450458 0.047306456 0.029304553 56.187290192
0.035137247 0.064482704 0.997300029 33.699005127 0.042140692 0.996933043 -0.065943696 -1.848712206 -0.998493671 0.044343993 0.032312136 56.223991394
0.037758589 0.064316399 0.997214913 34.455734253 0.043869704 0.996857762 -0.065954454 -1.897656798 -0.998323381 0.046237875 0.034818400 56.254451752
0.040850997 0.064298071 0.997094214 35.213752747 0.041694634 0.996948361 -0.065996900 -1.938208103 -0.998294830 0.044269532 0.038045451 56.287338257
0.043357804 0.064677067 0.996963859 35.980876923 0.039950226 0.996991932 -0.066416323 -1.983690977 -0.998260498 0.042708602 0.040643509 56.322921753
0.045927223 0.064604215 0.996853590 36.744365692 0.037177045 0.997104764 -0.066333324 -2.033607483 -0.998252690 0.040106576 0.043392453 56.371898651
0.048685096 0.066389136 0.996605396 37.498970032 0.035966691 0.997025013 -0.068174079 -2.080870152 -0.998166382 0.039163671 0.046152446 56.415603638
0.051833522 0.069823503 0.996211827 38.279582977 0.034125999 0.996846318 -0.071643569 -2.137669325 -0.998072505 0.037710253 0.049287260 56.462646484
0.055815797 0.072218545 0.995825887 39.052112579 0.034391515 0.996649742 -0.074205935 -2.185208082 -0.997848570 0.038389828 0.053145099 56.501178741
0.058813144 0.074085556 0.995516181 39.821022034 0.028719362 0.996703982 -0.075870641 -2.238068819 -0.997855842 0.033052772 0.056491598 56.555683136
0.060934525 0.073311135 0.995445907 40.602031708 0.024661623 0.996884048 -0.074926659 -2.291604757 -0.997837067 0.029114932 0.058936685 56.626380920
0.064508475 0.073436648 0.995211422 41.363067627 0.027196012 0.996788740 -0.075315855 -2.347711325 -0.997546494 0.031924289 0.062304143 56.679161072
0.068026118 0.074814163 0.994874477 42.151992798 0.025191538 0.996737838 -0.076676778 -2.411916971 -0.997365415 0.030278446 0.065919533 56.734798431
0.072076246 0.075978182 0.994501054 42.937793732 0.021624148 0.996740937 -0.077716514 -2.461940765 -0.997164726 0.027106754 0.070198394 56.800117493
0.076110736 0.073770866 0.994366705 43.728454590 0.020789413 0.996925116 -0.075551949 -2.515894413 -0.996882617 0.026422616 0.074343070 56.866790771
0.080140628 0.073286243 0.994085848 44.532661438 0.020393299 0.996964276 -0.075142518 -2.585794687 -0.996574938 0.026294654 0.078402802 56.953399658
0.085453890 0.077282324 0.993340373 45.316104889 0.016969128 0.996729732 -0.079005808 -2.637128830 -0.996197522 0.023607478 0.083863027 57.017208099
0.091351800 0.085993372 0.992098808 46.103210449 0.014983333 0.996033072 -0.087714039 -2.695170403 -0.995705843 0.022877783 0.089700937 57.099826813
0.098786399 0.090488680 0.990985930 46.906749725 0.013784247 0.995637059 -0.092287458 -2.759656668 -0.995013118 0.022776743 0.097108088 57.186386108
0.106094517 0.094032340 0.989899993 47.709056854 0.008840466 0.995390058 -0.095501341 -2.819849253 -0.994316757 0.018883348 0.104774132 57.284896851
0.113149449 0.091895372 0.989319205 48.525192261 0.005851049 0.995634794 -0.093151204 -2.891552687 -0.993560731 0.016328562 0.112117842 57.389453888
0.120372660 0.090561181 0.988589525 49.333419800 0.005776492 0.995749652 -0.091920465 -2.956391096 -0.992711961 0.016775288 0.119337901 57.499835968
0.128351659 0.087416522 0.987868488 50.159744263 0.005319755 0.996032596 -0.088830143 -3.019692421 -0.991714478 0.016656715 0.127377376 57.605220795
0.135103211 0.081693508 0.987457991 50.967884064 0.003391342 0.996551335 -0.082909815 -3.089480877 -0.990825772 0.014550190 0.134360224 57.736377716
0.143056169 0.074554242 0.986902475 51.789966583 0.000907673 0.997148454 -0.075459830 -3.146089554 -0.989714146 0.011690779 0.142580554 57.852336884
0.150247887 0.071334310 0.986071467 52.591159821 0.000667537 0.997385979 -0.072254546 -3.216295719 -0.988648057 0.011514332 0.149807528 57.976825714
0.157232478 0.073329106 0.984835446 53.394504547 0.000240966 0.997236550 -0.074290946 -3.274424791 -0.987561524 0.011918261 0.156780303 58.117469788
0.162848309 0.079871699 0.983412802 54.177883148 0.000886530 0.996705770 -0.081098124 -3.332017183 -0.986650705 0.014078517 0.162241027 58.251029968
0.168673456 0.083996467 0.982086539 54.953712463 -0.000529742 0.996370018 -0.085127123 -3.380977154 -0.985671818 0.013838436 0.168105662 58.378620148
0.173629969 0.086467132 0.981007636 55.720756531 -0.001598498 0.996161520 -0.087519869 -3.450026989 -0.984809637 0.013627936 0.173101693 58.523754120
0.178474307 0.085911855 0.980186760 56.512660980 -0.004788237 0.996244907 -0.086447477 -3.526105404 -0.983932912 0.010735289 0.178215459 58.682029724
0.183700576 0.082879372 0.979482055 57.282283783 -0.000738844 0.996450663 -0.084176600 -3.589618921 -0.982981980 0.014739607 0.183109775 58.827842712
0.188144788 0.076664694 0.979144573 58.039672852 -0.000082957 0.996949971 -0.078042887 -3.642465115 -0.982141316 0.014602137 0.187577307 58.976322174
0.191836819 0.070659496 0.978879929 58.793441772 -0.001538049 0.997425199 -0.071696773 -3.697510004 -0.981425643 0.012248518 0.191451579 59.126983643
0.195018664 0.066866666 0.978517592 59.532142639 -0.005357976 0.997730970 -0.067111783 -3.759089947 -0.980784833 0.007845174 0.194934443 59.285037994
0.198239475 0.066885099 0.977868795 60.263004303 -0.006807138 0.997738779 -0.066864222 -3.811451912 -0.980129898 0.006598639 0.198246539 59.435218811
0.200311556 0.069003053 0.977299273 60.977741241 -0.008709807 0.997602642 -0.068651408 -3.859187841 -0.979693472 0.005239581 0.200432375 59.587516785
0.202102989 0.073583528 0.976596057 61.678253174 -0.013129810 0.997287393 -0.072425395 -3.910837650 -0.979276180 0.001814867 0.202520907 59.740024567
0.203800738 0.077699333 0.975924253 62.374603271 -0.014120883 0.996975183 -0.076426491 -3.960034132 -0.978910506 0.001794860 0.204281464 59.900711060
0.205570266 0.082957394 0.975119948 63.060592651 -0.014747612 0.996550083 -0.081671529 -4.013331890 -0.978531241 0.002408545 0.206084490 60.056701660
0.207017809 0.085156456 0.974624097 63.735816956 -0.014085628 0.996360779 -0.084063783 -4.065341949 -0.978235841 0.003674509 0.207463920 60.204536438
0.208697721 0.084775485 0.974299014 64.421180725 -0.016394455 0.996399105 -0.083186723 -4.122470856 -0.977842748 0.001387778 0.209336072 60.360431671
0.208976448 0.081747882 0.974497795 65.082397461 -0.016297573 0.996652722 -0.080111437 -4.177694321 -0.977784812 0.000859457 0.209609225 60.509174347
0.209925875 0.079294555 0.974496484 65.742744446 -0.016399447 0.996851146 -0.077580787 -4.231956482 -0.977579772 0.000305010 0.210565239 60.652225494
0.209791794 0.078132294 0.974619269 66.401138306 -0.014834375 0.996941626 -0.076728642 -4.277006626 -0.977633536 0.001639172 0.210309237 60.799091339
0.208076552 0.076934785 0.975082099 67.024650574 -0.015202900 0.997035742 -0.075422749 -4.331518173 -0.977994323 0.000869629 0.208629414 60.937191010
0.206758514 0.077912234 0.975284815 67.634368896 -0.016891107 0.996959925 -0.076062903 -4.385203838 -0.978246152 -0.000746990 0.207445979 61.063476562
0.204369441 0.080842279 0.975549877 68.242797852 -0.017690808 0.996726274 -0.078891039 -4.433937073 -0.978733957 -0.001135348 0.205130547 61.197296143
0.202128470 0.084248759 0.975728571 68.835411072 -0.015441848 0.996443331 -0.082838483 -4.485946178 -0.979237258 0.001676964 0.202710524 61.320178986
0.200499997 0.084812872 0.976015627 69.443412781 -0.013368400 0.996389806 -0.083837084 -4.534160137 -0.979602516 0.003761569 0.200909972 61.450420380
0.198227346 0.084399872 0.976515532 70.027183533 -0.013938204 0.996427774 -0.083291478 -4.570000172 -0.980056942 0.002899776 0.198695600 61.566249847
0.195799857 0.081548244 0.977247298 70.614166260 -0.014399095 0.996668100 -0.080283850 -4.617339611 -0.980538130 0.001648092 0.196321666 61.685535431
0.193567216 0.077232584 0.978042364 71.188781738 -0.013627671 0.997012198 -0.076033473 -4.668092251 -0.980992377 0.001389147 0.194041371 61.803813934
0.191899642 0.076218575 0.978450418 71.749801636 -0.010493882 0.997082114 -0.075611815 -4.719475269 -0.981358469 0.004242135 0.192139551 61.908061981
0.190158144 0.077785864 0.978667080 72.299644470 -0.006301276 0.996932328 -0.078013256 -4.758430004 -0.981733263 0.008668007 0.190064996 62.010917664
0.187850803 0.079838984 0.978947282 72.852416992 -0.002064429 0.996720672 -0.080892369 -4.798135281 -0.982195437 0.013174731 0.187399611 62.113182068
0.185937941 0.081917532 0.979140818 73.396888733 -0.002808532 0.996558726 -0.082841441 -4.836281776 -0.982557535 0.012653419 0.185528174 62.218002319
0.184520185 0.084477052 0.979191482 73.934326172 -0.003482503 0.996349156 -0.085301034 -4.881182671 -0.982822597 0.012329726 0.184140712 62.318435669
0.183656409 0.082707569 0.979504883 74.487236023 -0.001348589 0.996474266 -0.083887570 -4.930160522 -0.982989609 0.014085541 0.183120400 62.419052124
0.184203163 0.081847534 0.979474485 75.040252686 0.004161125 0.996452928 -0.084048860 -4.963365555 -0.982879341 0.019557783 0.183209196 62.520534515
0.186691687 0.079090029 0.979229748 75.569999695 0.009987811 0.996549964 -0.082393125 -5.010118484 -0.982367754 0.025162475 0.185257614 62.604774475
0.188868016 0.078349128 0.978871942 76.124832153 0.012769715 0.996531904 -0.082226470 -5.053755283 -0.981919348 0.028029867 0.187212497 62.708721161
0.192031175 0.077995226 0.978284597 76.679031372 0.010358691 0.996620238 -0.081490420 -5.097131729 -0.981334150 0.025782449 0.190574214 62.825450897
0.197710171 0.078481756 0.977113783 77.230133057 0.009114110 0.996599615 -0.081891015 -5.144196033 -0.980218112 0.025096212 0.196322575 62.938682556
0.203801870 0.077711776 0.975923002 77.802833557 0.010372183 0.996617258 -0.081525669 -5.181235790 -0.978957236 0.026737534 0.202306405 63.076709747
0.211577803 0.077832513 0.974257112 78.369544983 0.008363768 0.996643305 -0.081437282 -5.223961353 -0.977325320 0.025378780 0.210216641 63.204071045
0.220030412 0.076348662 0.972500682 78.938430786 0.008388192 0.996747494 -0.080150083 -5.261806011 -0.975456893 0.025792977 0.218674347 63.342643738
0.228841782 0.075649939 0.970519722 79.505271912 0.004986200 0.996871650 -0.078879729 -5.309375763 -0.973450840 0.022890184 0.227748677 63.472637177
0.238432363 0.075313263 0.968234479 80.085456848 0.003902733 0.996906161 -0.078504533 -5.353241444 -0.971151233 0.022496782 0.237400740 63.623847961
0.247992247 0.079222567 0.965517282 80.671142578 -0.001472591 0.996680260 -0.081401326 -5.395380497 -0.968760848 0.018765084 0.247285649 63.790744781
0.257100940 0.081153877 0.962971032 81.277694702 -0.004950908 0.996565163 -0.082663171 -5.443589211 -0.966371834 0.016485197 0.256619632 63.979202271
0.268409908 0.083963908 0.959638596 81.873413086 -0.008653847 0.996364117 -0.084756732 -5.483408451 -0.963265836 0.014444984 0.268160582 64.149665833
0.278417021 0.086000882 0.956602156 82.477096558 -0.010328465 0.996193528 -0.086554170 -5.532075405 -0.960404754 0.014217919 0.278245509 64.338691711
0.288103402 0.086984091 0.953640461 83.097908020 -0.013304820 0.996133327 -0.086840473 -5.577875614 -0.957506895 0.012331016 0.288146734 64.542465210
0.298435062 0.087158702 0.950441957 83.729507446 -0.014154955 0.996116281 -0.086902574 -5.629888058 -0.954324901 0.012481315 0.298509747 64.747894287
0.308565557 0.087979019 0.947125673 84.371299744 -0.018181639 0.996077061 -0.086602710 -5.677349091 -0.951029241 0.009502317 0.308954656 64.973983765
0.319268018 0.083656058 0.943964779 85.006805420 -0.018002389 0.996451676 -0.082218759 -5.715360641 -0.947493434 0.009256200 0.319641143 65.191062927
0.329844266 0.076258443 0.940950215 85.665596008 -0.014132987 0.997019112 -0.075848252 -5.767646313 -0.943929553 0.011719677 0.329938829 65.426239014
0.340715200 0.072214298 0.937389016 86.335304260 -0.012724862 0.997308612 -0.072205223 -5.813548088 -0.940080345 0.012673270 0.340717137 65.674858093
0.351327240 0.068989500 0.933707476 87.017150879 -0.013541874 0.997551560 -0.068611376 -5.859495640 -0.936154783 0.011460901 0.351401329 65.933708191
0.360646725 0.066386953 0.930336833 87.706604004 -0.006739450 0.997623146 -0.068575785 -5.898391724 -0.932678163 0.018461680 0.360236943 66.205245972
0.369178772 0.061193623 0.927341521 88.402854919 -0.000620195 0.997845888 -0.065599158 -5.938939571 -0.929358184 0.023642691 0.368421525 66.477722168
0.376091599 0.052085061 0.925117433 89.120315552 0.008703783 0.998176217 -0.059736725 -5.978606224 -0.926541567 0.030518502 0.374952406 66.760429382
0.383271754 0.047193609 0.922429085 89.834022522 0.014600786 0.998259366 -0.057139926 -6.020019054 -0.923520207 0.035368305 0.381915569 67.051795959
0.390404224 0.046925943 0.919446826 90.538970947 0.016592091 0.998179317 -0.057989351 -6.069173813 -0.920494080 0.037894830 0.388914764 67.356025696
0.398029298 0.053517770 0.915810287 91.256149292 0.018860806 0.997608423 -0.066495158 -6.104986668 -0.917178690 0.043739934 0.396068096 67.666267395
0.404934555 0.057884980 0.912511528 91.957763672 0.022830499 0.997042775 -0.073378429 -6.144353867 -0.914060533 0.050546557 0.402415574 67.978569031
0.410104007 0.059975952 0.910064578 92.664749146 0.020833321 0.996959090 -0.075090714 -6.194880962 -0.911800683 0.049754679 0.407607436 68.306472778
0.414880306 0.061365720 0.907804251 93.372383118 0.013732489 0.997187078 -0.073683783 -6.254779816 -0.909772336 0.043036357 0.412870586 68.640777588
0.418723345 0.065229319 0.905768156 94.058029175 0.006973944 0.997156560 -0.075034648 -6.309337616 -0.908087015 0.037735537 0.417077839 68.978996277
0.422632307 0.068281904 0.903725386 94.737442017 0.006374086 0.996909320 -0.078303389 -6.366245747 -0.906278849 0.038853962 0.420890749 69.308731079
0.426752448 0.072710194 0.901440799 95.407463074 0.002543393 0.996662319 -0.081594840 -6.424468040 -0.904364884 0.037113518 0.425143152 69.626586914
0.430164486 0.075277351 0.899606526 96.074813843 0.000167707 0.996510565 -0.083466291 -6.481145382 -0.902750492 0.036055103 0.428650826 69.960037231
0.434048206 0.074218906 0.897827208 96.736030579 -0.001388881 0.996654451 -0.081717037 -6.536595345 -0.900888622 0.034222148 0.432699203 70.289802551
0.438545913 0.070333876 0.895952344 97.395362854 0.000369275 0.996918738 -0.078440651 -6.598903179 -0.898708642 0.034730684 0.437168658 70.607673645
0.442060947 0.067833535 0.894416392 98.031906128 0.000106187 0.997132421 -0.075676106 -6.648177624 -0.896984935 0.033548426 0.440786123 70.922813416
0.445237666 0.067114815 0.892893612 98.645561218 -0.001751940 0.997250378 -0.074085243 -6.709484577 -0.895410657 0.031421244 0.444131017 71.243492126
0.448747247 0.068801180 0.891006351 99.282325745 -0.003357547 0.997154713 -0.075306684 -6.757608891 -0.893652439 0.030802077 0.447701454 71.568565369
0.451626092 0.069505960 0.889495790 99.892120361 -0.002735926 0.997064054 -0.076522321 -6.807159901 -0.892203093 0.032125879 0.450490296 71.878639221
0.453599364 0.067662351 0.888633430 100.497314453 -0.000361049 0.997127533 -0.075739004 -6.856596470 -0.891205668 0.034034323 0.452320814 72.193054199
0.455358416 0.066617914 0.887812316 101.084877014 0.001316280 0.997145176 -0.075496934 -6.905941963 -0.890307248 0.035546776 0.453970730 72.491889954
0.457086325 0.066242561 0.886952102 101.667251587 0.000190539 0.997215271 -0.074575834 -6.959594250 -0.889422357 0.034256596 0.455800861 72.801795959
0.458970308 0.065445453 0.886037946 102.241661072 0.001966257 0.997205973 -0.074675180 -7.005627155 -0.888449490 0.036015868 0.457559258 73.112121582
0.461737067 0.067413144 0.884451449 102.803794861 0.000671458 0.997080922 -0.076348349 -7.056661129 -0.887016594 0.035846725 0.460343927 73.397277832
0.464311093 0.067193203 0.883119643 103.358055115 0.003979910 0.996949553 -0.077946588 -7.103943825 -0.885663211 0.039706193 0.462627292 73.694175720
0.467523456 0.066585831 0.881469309 103.910423279 0.005803207 0.996906340 -0.078383878 -7.149341106 -0.883961618 0.041761644 0.465690672 73.985664368
0.470784068 0.064650148 0.879876554 104.454315186 0.008683869 0.996923566 -0.077896699 -7.199107170 -0.882205725 0.044313259 0.468774319 74.273307800
0.474258929 0.063711420 0.878077090 104.976852417 0.010092277 0.996919096 -0.077785298 -7.244824886 -0.880327582 0.045752164 0.472154737 74.550865173
0.477117538 0.063446820 0.876546323 105.486068726 0.010982955 0.996882200 -0.078135245 -7.287716389 -0.878770947 0.046906766 0.474933147 74.837432861
0.480125755 0.062690713 0.874956667 106.006416321 0.011226506 0.996922135 -0.077590026 -7.338962078 -0.877127826 0.047075670 0.477944165 75.142791748
0.483745605 0.062276095 0.872990251 106.519584656 0.013050381 0.996841073 -0.078342721 -7.379189014 -0.875111341 0.049290802 0.481404692 75.423706055
0.487772763 0.063060760 0.870690048 107.021499634 0.012658243 0.996771693 -0.079283714 -7.427527428 -0.872878850 0.049693841 0.485399812 75.706306458
0.491925627 0.063392945 0.868326306 107.522918701 0.014612251 0.996604025 -0.081036136 -7.471356869 -0.870514572 0.052551955 0.489328772 75.996505737
0.496475905 0.066383503 0.865508497 108.014739990 0.012906627 0.996396720 -0.083826043 -7.518574715 -0.867954552 0.052788395 0.493830204 76.289588928
0.502187192 0.072239831 0.861736357 108.483993530 0.009651589 0.995974243 -0.089117676 -7.559159756 -0.864705026 0.053070877 0.499468386 76.567062378
0.507927954 0.079658128 0.857708454 108.957901001 0.003462475 0.995518148 -0.094507426 -7.613724232 -0.861392558 0.050972752 0.505375683 76.856300354
0.514192462 0.086131312 0.853339076 109.439712524 -0.001301814 0.995021999 -0.099647582 -7.655242443 -0.857673824 0.050127152 0.511744916 77.159301758
0.520147145 0.090618983 0.849255681 109.917175293 -0.005326884 0.994680226 -0.102873780 -7.713428497 -0.854060054 0.048985619 0.517862737 77.477188110
0.526035190 0.090799242 0.845601797 110.403030396 -0.009341049 0.994841278 -0.101013400 -7.764049530 -0.850411475 0.045237791 0.524169683 77.783172607
0.531432033 0.090080999 0.842297673 110.905387878 -0.016341764 0.995234966 -0.096126594 -7.816685200 -0.846943259 0.037320130 0.530371845 78.115577698
0.537260056 0.087677680 0.838846982 111.403266907 -0.022234030 0.995708704 -0.089832790 -7.865276337 -0.843123496 0.029612623 0.536903977 78.454803467
0.543145478 0.085848309 0.835238218 111.906494141 -0.028821016 0.996079266 -0.083638072 -7.920661449 -0.839143753 0.021355232 0.543490350 78.802993774
0.549088895 0.083901346 0.831541955 112.418388367 -0.031306479 0.996314824 -0.079854213 -7.970292568 -0.835177302 0.017814415 0.549692094 79.158531189
0.555358469 0.087412469 0.827004194 112.939895630 -0.036706101 0.996067762 -0.080632843 -8.018895149 -0.830800593 0.014424033 0.556383193 79.523582458
0.561608016 0.091477931 0.822330952 113.458717346 -0.040555600 0.995718241 -0.083068632 -8.062681198 -0.826408863 0.013301882 0.562913299 79.896011353
0.567624032 0.094657235 0.817828178 113.986541748 -0.042959377 0.995420575 -0.085395657 -8.106995583 -0.822166264 0.013339242 0.569091082 80.288665771
0.573863149 0.097008154 0.813185334 114.517257690 -0.045640860 0.995204687 -0.086513318 -8.155445099 -0.817678332 0.012532330 0.575538933 80.664710999
