1.000000000 0.000000000 0.000000000 0.000000000 0.000000000 1.000000000 0.000000000 0.000000000 0.000000000 0.000000000 1.000000000 0.000000000
0.999998689 0.000719014 0.001451569 -0.006380568 -0.000712430 0.999989510 -0.004531023 -0.002696949 -0.001454811 0.004529983 0.999988675 0.964793980
0.999996722 -0.001395514 0.002139251 -0.002180976 0.001406967 0.999984622 -0.005361586 -0.000523692 -0.002131736 0.005364579 0.999983311 1.918939829
0.999993563 -0.002289431 0.002762743 -0.010291496 0.002292920 0.999996722 -0.001260305 -0.004212772 -0.002759848 0.001266631 0.999995410 2.856302261
0.999986649 -0.004692753 0.002167748 -0.008488041 0.004682050 0.999976873 0.004916666 -0.007717909 -0.002190771 -0.004906450 0.999985516 3.803538084
0.999964893 -0.008353136 0.000624851 -0.005387045 0.008349959 0.999952972 0.004927118 -0.005022098 -0.000665979 -0.004921728 0.999987602 4.740058422
0.999940455 -0.010909416 -0.000128050 -0.005828212 0.010909645 0.999938548 0.001945004 -0.000074702 0.000106823 -0.001946285 0.999998093 5.672517300
0.999931395 -0.011655173 -0.001178322 -0.007781282 0.011653100 0.999930561 -0.001751288 0.006608145 0.001198652 0.001737437 0.999997735 6.603047371
0.999936700 -0.011144104 -0.001551779 -0.016556041 0.011141371 0.999936402 -0.001758907 -0.002601478 0.001571282 0.001741506 0.999997258 7.525717735
0.999935091 -0.011057495 -0.002719341 -0.024731353 0.011057659 0.999938905 0.000045452 -0.001771410 0.002718672 -0.000075519 0.999996305 8.440948486
0.999938548 -0.010654923 -0.003058970 -0.035048172 0.010662957 0.999939620 0.002622667 0.004801694 0.003030841 -0.002655123 0.999991894 9.379656792
0.999931812 -0.010988677 -0.003943433 -0.043750565 0.011005322 0.999930441 0.004224388 0.006752641 0.003896739 -0.004267499 0.999983311 10.301401138
0.999915659 -0.012103260 -0.004707714 -0.047662731 0.012126807 0.999913871 0.005005478 0.009453091 0.004646726 -0.005062146 0.999976337 11.211170197
0.999907851 -0.012362788 -0.005620288 -0.055178192 0.012391978 0.999909759 0.005188487 0.010495160 0.005555637 -0.005257654 0.999970734 12.126423836
0.999899864 -0.012770165 -0.006093680 -0.067571893 0.012791786 0.999911964 0.003522648 0.016085241 0.006048159 -0.003600245 0.999975204 13.025196075
0.999886096 -0.013224741 -0.007264880 -0.080772132 0.013236453 0.999911189 0.001566352 0.022486404 0.007243522 -0.001662335 0.999972343 13.929314613
0.999852717 -0.014612784 -0.009000415 -0.088676907 0.014612836 0.999893248 -0.000060079 0.029901717 0.009000333 -0.000071452 0.999959469 14.836643219
0.999843478 -0.014167551 -0.010599736 -0.106276035 0.014162431 0.999899566 -0.000557881 0.028503388 0.010606577 0.000407675 0.999943674 15.743706703
0.999839902 -0.013232104 -0.012044533 -0.121481635 0.013213830 0.999911368 -0.001595599 0.030709039 0.012064580 0.001436190 0.999926269 16.643476486
0.999838829 -0.011960663 -0.013388224 -0.142028481 0.011942378 0.999927580 -0.001444944 0.028263340 0.013404535 0.001284824 0.999909341 17.531135559
0.999808431 -0.012494715 -0.015066173 -0.157609984 0.012484076 0.999921679 -0.000799935 0.030024139 0.015074987 0.000611694 0.999886155 18.424041748
0.999787271 -0.012220306 -0.016613204 -0.175930098 0.012235239 0.999924839 0.000797436 0.026726993 0.016602211 -0.001000533 0.999861658 19.317186356
0.999766469 -0.011804787 -0.018099720 -0.195949584 0.011832452 0.999929011 0.001422188 0.027927119 0.018081645 -0.001636020 0.999835193 20.196622849
0.999724090 -0.013149573 -0.019461708 -0.218745112 0.013185711 0.999911547 0.001729701 0.022853080 0.019437244 -0.001985840 0.999809146 21.087417603
0.999707103 -0.012606096 -0.020658093 -0.239265740 0.012620146 0.999920189 0.000549931 0.029749908 0.020649513 -0.000810478 0.999786377 21.927150726
0.999667525 -0.012706148 -0.022436051 -0.257595122 0.012735291 0.999918222 0.001156581 0.029210644 0.022419520 -0.001441926 0.999747574 22.791412354
0.999655008 -0.012351272 -0.023178834 -0.284533888 0.012427722 0.999917746 0.003157093 0.030670388 0.023137935 -0.003444064 0.999726295 23.649538040
0.999617457 -0.013629831 -0.024064910 -0.301395863 0.013772938 0.999888361 0.005791014 0.034334596 0.023983294 -0.006120243 0.999693632 24.498847961
0.999593556 -0.013890718 -0.024894539 -0.321652263 0.014074238 0.999874949 0.007211883 0.038309634 0.024791248 -0.007559324 0.999664068 25.339279175
0.999594808 -0.012922046 -0.025359480 -0.353379428 0.013086782 0.999894202 0.006340793 0.037643347 0.025274863 -0.006670098 0.999658346 26.165645599
0.999598682 -0.011215935 -0.026012566 -0.379806578 0.011315865 0.999929130 0.003697578 0.039955609 0.025969252 -0.003990449 0.999654770 26.975780487
0.999582291 -0.010784711 -0.026811348 -0.404573798 0.010836435 0.999939740 0.001784710 0.046058808 0.026790485 -0.002074504 0.999638915 27.778163910
0.999581456 -0.009495827 -0.027327081 -0.437812507 0.009539676 0.999953389 0.001474608 0.049104631 0.027311806 -0.001734682 0.999625385 28.570827484
0.999529004 -0.010191923 -0.028946493 -0.459475994 0.010229757 0.999947011 0.001159236 0.043844111 0.028933143 -0.001454805 0.999580264 29.357181549
0.999460280 -0.010054003 -0.031272832 -0.485483527 0.010064983 0.999949276 0.000193713 0.044715859 0.031269297 -0.000508370 0.999510884 30.132329941
0.999408841 -0.009701758 -0.032983385 -0.517552912 0.009713177 0.999952793 0.000185983 0.044796441 0.032980021 -0.000506247 0.999455929 30.898166656
0.999344766 -0.009724656 -0.034862608 -0.541362762 0.009773892 0.999951482 0.001242115 0.048069187 0.034848839 -0.001582045 0.999391317 31.667232513
0.999263883 -0.010005844 -0.037034038 -0.570867300 0.010147573 0.999941945 0.003640991 0.048480924 0.036995452 -0.004014115 0.999307334 32.420478821
0.999204159 -0.008977760 -0.038863130 -0.606717527 0.009188678 0.999944031 0.005251974 0.049674850 0.038813800 -0.005604896 0.999230742 33.168746948
0.999136329 -0.007864599 -0.040801227 -0.636710644 0.008090444 0.999952853 0.005373089 0.048794921 0.040757045 -0.005698549 0.999152839 33.893692017
0.999082267 -0.005526746 -0.042475294 -0.678704619 0.005732855 0.999972463 0.004732166 0.048193276 0.042447973 -0.004971327 0.999086320 34.599887848
0.998999536 -0.003088153 -0.044611450 -0.708740175 0.003268468 0.999986827 0.003969531 0.055475436 0.044598605 -0.004111371 0.998996556 35.320259094
0.998926342 -0.003148053 -0.046220038 -0.741724849 0.003382094 0.999981821 0.004986295 0.056350898 0.046203494 -0.005137262 0.998918831 36.031616211
0.998891115 -0.001594463 -0.047053207 -0.787240386 0.001928003 0.999973297 0.007044055 0.058262743 0.047040712 -0.007126962 0.998867571 36.714847565
0.998886943 0.001273974 -0.047151100 -0.824935853 -0.000934187 0.999973416 0.007227676 0.064038903 0.047159061 -0.007175582 0.998861611 37.399864197
0.998919547 0.003662272 -0.046328984 -0.850829542 -0.003425243 0.999980628 0.005194578 0.066396408 0.046347104 -0.005030279 0.998912752 38.077735901
0.998995185 0.005510300 -0.044478130 -0.887701333 -0.005417143 0.999982893 0.002214709 0.067438640 0.044489574 -0.001971540 0.999007881 38.720291138
0.999076426 0.005741879 -0.042583756 -0.914162576 -0.005737280 0.999983490 0.000230214 0.075278774 0.042584386 0.000014313 0.999092877 39.376068115
0.999200463 0.006935495 -0.039374448 -0.944005787 -0.006901856 0.999975741 0.000990207 0.077118449 0.039380357 -0.000717659 0.999224067 40.019309998
0.999268770 0.011447222 -0.036480516 -0.971637964 -0.011321577 0.999929249 0.003648887 0.076849237 0.036519699 -0.003233202 0.999327719 40.663063049
0.999343514 0.015584178 -0.032704711 -0.997640967 -0.015360087 0.999856949 0.007092043 0.078347936 0.032810554 -0.006585040 0.999439836 41.288036346
0.999388099 0.020906202 -0.028036125 -1.028436065 -0.020689117 0.999753773 0.008011021 0.082040049 0.028196702 -0.007426078 0.999574840 41.888900757
0.999446392 0.024143049 -0.022887383 -1.048154712 -0.023956072 0.999677658 0.008408923 0.086151399 0.023083016 -0.007855976 0.999702692 42.477451324
0.999454379 0.028373480 -0.016903145 -1.063670397 -0.028199622 0.999547780 0.010436621 0.089398667 0.017191626 -0.009954266 0.999802709 43.049999237
0.999392927 0.033218116 -0.010506822 -1.074100018 -0.033096693 0.999385715 0.011525920 0.089185648 0.010883238 -0.011171180 0.999878347 43.611473083
0.999315917 0.036836706 -0.003263403 -1.082950354 -0.036797676 0.999258816 0.011304343 0.090948373 0.003677399 -0.011176525 0.999930739 44.141189575
0.999183536 0.040180594 0.004228348 -1.088073969 -0.040226251 0.999126315 0.011330928 0.092620187 -0.003769370 -0.011491767 0.999926865 44.646663666
0.998973846 0.043949619 0.010944885 -1.074082971 -0.044066977 0.998971045 0.010723300 0.097333066 -0.010462339 -0.011194604 0.999882579 45.144222260
0.998668849 0.048035346 0.018793346 -1.072454691 -0.048189346 0.998807549 0.007829266 0.103138633 -0.018394854 -0.008724483 0.999792755 45.618705750
0.998360753 0.050563265 0.026814453 -1.063490152 -0.050717920 0.998700023 0.005119159 0.099792525 -0.026520748 -0.006470742 0.999627292 46.073539734
0.998098969 0.050961297 0.034659199 -1.047117114 -0.051155072 0.998679519 0.004726751 0.104435332 -0.034372550 -0.006490760 0.999387980 46.504520416
0.997843266 0.049933832 0.042606436 -1.022465348 -0.050239425 0.998718321 0.006131453 0.104209192 -0.042245664 -0.008258752 0.999073088 46.898731232
0.997364581 0.052038953 0.050555188 -0.999965668 -0.052454613 0.998599291 0.006929394 0.106295519 -0.050123777 -0.009562984 0.998697162 47.288921356
0.996698380 0.055194907 0.059547212 -0.990219533 -0.055723045 0.998420000 0.007244335 0.103031106 -0.059053279 -0.010538570 0.998199224 47.645015717
0.995882094 0.060188200 0.067795992 -0.959830642 -0.060756370 0.998132467 0.006348250 0.109055661 -0.067287296 -0.010441146 0.997679055 47.974246979
0.994975030 0.063932329 0.077054143 -0.940562546 -0.064638875 0.997886181 0.006707843 0.102364615 -0.076462395 -0.011654827 0.997004330 48.272411346
0.994229555 0.063306198 0.086601101 -0.913571954 -0.064197659 0.997908711 0.007545070 0.099211983 -0.085942313 -0.013061119 0.996214509 48.552963257
0.993366241 0.061932977 0.096890613 -0.869694769 -0.062759623 0.998013496 0.005504708 0.100893676 -0.096357204 -0.011549011 0.995279789 48.834892273
0.992220044 0.060479887 0.108819157 -0.837890625 -0.060960799 0.998139560 0.001094951 0.096970297 -0.108550504 -0.007720136 0.994060934 49.097202301
0.990607321 0.061555453 0.122098707 -0.796150625 -0.061643228 0.998093545 -0.003062016 0.098449916 -0.122054413 -0.004493303 0.992513239 49.364486694
0.988463342 0.063091159 0.137694046 -0.758238733 -0.062965013 0.998001754 -0.005276056 0.096769094 -0.137751758 -0.003454719 0.990460813 49.627887726
0.985988081 0.064812399 0.153710395 -0.706640482 -0.064565733 0.997891605 -0.006601429 0.093898363 -0.153814167 -0.003415494 0.988093913 49.876995087
0.983186364 0.065344982 0.170512915 -0.649482310 -0.064963922 0.997856975 -0.007819400 0.092553444 -0.170658469 -0.003389260 0.985324442 50.131496429
0.979901612 0.064383052 0.188806251 -0.593202472 -0.063789591 0.997920692 -0.009224594 0.095453493 -0.189007595 -0.003004682 0.981971025 50.392589569
0.975990951 0.063692212 0.208290696 -0.526999354 -0.063117214 0.997961760 -0.009412683 0.090301767 -0.208465651 -0.003960036 0.978021681 50.634231567
0.971503973 0.063795269 0.228276759 -0.450331509 -0.063082762 0.997953773 -0.010424107 0.084033832 -0.228474677 -0.004273267 0.973540485 50.869388580
0.966223955 0.065950096 0.249122217 -0.372154564 -0.064777605 0.997816145 -0.012910918 0.084453300 -0.249429673 -0.003662704 0.968385935 51.103393555
0.959935606 0.067413256 0.271990865 -0.290101022 -0.065817662 0.997718930 -0.014995961 0.081099652 -0.272381335 -0.003506646 0.962182999 51.346244812
0.952672362 0.068784110 0.296115041 -0.197166026 -0.067073494 0.997620642 -0.015944453 0.068563312 -0.296507150 -0.004671625 0.955019176 51.586132050
0.944193125 0.071299307 0.321583271 -0.096866511 -0.069591254 0.997433782 -0.016819175 0.062575132 -0.321957290 -0.006498833 0.946731865 51.818191528
0.934276879 0.073484056 0.348893881 0.008232165 -0.071777657 0.997261167 -0.017835217 0.052345414 -0.349248886 -0.008379752 0.936992526 52.055229187
0.923047841 0.074263915 0.377448708 0.131061897 -0.072312482 0.997194111 -0.019360656 0.046487287 -0.377827406 -0.009423440 0.925828040 52.299644470
0.910497427 0.072169624 0.407168210 0.273085088 -0.069477305 0.997353673 -0.021415530 0.036736429 -0.407636225 -0.008790170 0.913102031 52.532852173
0.895504594 0.069638178 0.439570338 0.417493552 -0.065655582 0.997546971 -0.024279295 0.031102724 -0.440182805 -0.007118030 0.897879958 52.761528015
0.878095031 0.069192328 0.473456919 0.571590781 -0.063310564 0.997590482 -0.028371962 0.019422738 -0.474279284 -0.005061552 0.880359888 52.987144470
0.858709574 0.070782535 0.507550657 0.742602646 -0.062323108 0.997488201 -0.033666175 0.015324921 -0.508658707 -0.002722666 0.860963941 53.210357666
0.836928904 0.072573401 0.542478681 0.926682770 -0.061690077 0.997362077 -0.038253583 0.005839695 -0.543823779 -0.001450021 0.839198172 53.436260223
0.812260330 0.075488865 0.578389585 1.124825358 -0.062742054 0.997144401 -0.042031188 -0.001490968 -0.579910755 -0.002149082 0.814677119 53.665115356
0.784769416 0.079532295 0.614663899 1.336540341 -0.065827809 0.996818721 -0.044934552 -0.014630396 -0.616282165 -0.005198717 0.787508249 53.897384644
0.754804790 0.083911292 0.650560260 1.562002420 -0.069456339 0.996432543 -0.047937095 -0.028545037 -0.652261853 -0.009002381 0.757940233 54.127780914
0.721742272 0.084959902 0.686927855 1.820622683 -0.069044992 0.996325374 -0.050682187 -0.045722049 -0.688709497 -0.010849453 0.724956214 54.361263275
0.685055137 0.082513370 0.723803222 2.105456591 -0.065513983 0.996516943 -0.051595893 -0.067464039 -0.725539386 -0.012073196 0.688074708 54.587055206
0.645972073 0.081056796 0.759045422 2.400161266 -0.062626921 0.996621966 -0.053129535 -0.089075722 -0.760787904 -0.013216491 0.648866177 54.794662476
0.603367448 0.080297932 0.793410361 2.733680010 -0.060444992 0.996660531 -0.054901280 -0.111712426 -0.795169294 -0.014832045 0.606206119 55.014247894
0.557144523 0.080364868 0.826517642 3.094254971 -0.057108041 0.996657729 -0.058412343 -0.130088478 -0.828449547 -0.014656682 0.559871912 55.224864960
0.508250892 0.079047091 0.857573628 3.460062504 -0.053823449 0.996747553 -0.059976414 -0.155565098 -0.859525502 -0.015674511 0.510852456 55.417430878
0.460102081 0.077559441 0.884471953 3.896847963 -0.051952925 0.996822178 -0.060385548 -0.172649235 -0.886344731 -0.018167390 0.462669402 55.602176666
0.410786122 0.075212926 0.908624172 4.332667351 -0.051115170 0.996923923 -0.059413087 -0.194761410 -0.910297751 -0.022038411 0.413367063 55.765743256
0.360035062 0.074856602 0.929930806 4.790552139 -0.054320134 0.996766746 -0.059205931 -0.218846768 -0.931356072 -0.029197752 0.362937182 55.933349609
0.310434580 0.075646833 0.947580040 5.245281219 -0.052830689 0.996660888 -0.062257290 -0.239992246 -0.949125469 -0.030734496 0.313394517 56.059722900
0.263689011 0.072248369 0.961898267 5.727421761 -0.041436490 0.997119069 -0.063534655 -0.270738512 -0.963717282 -0.023104304 0.265923023 56.142684937
0.219691128 0.066613063 0.973292589 6.242653370 -0.028003244 0.997685552 -0.061961669 -0.294971943 -0.975167453 -0.013642918 0.221048057 56.215774536
0.177250847 0.065382078 0.981991470 6.766015053 -0.019205609 0.997830629 -0.062970027 -0.328871042 -0.983978271 -0.007698254 0.178121999 56.283126831
0.138749555 0.066881500 0.988066435 7.272922516 -0.015883068 0.997738898 -0.065305822 -0.352743298 -0.990200102 -0.006632372 0.139498100 56.327865601
0.105917916 0.067657039 0.992070496 7.814456940 -0.007349752 0.997708678 -0.067256838 -0.386615247 -0.994347632 -0.000167769 0.106172495 56.358528137
0.077392176 0.065935671 0.994818032 8.374931335 0.000191780 0.997809768 -0.066148885 -0.421027303 -0.997000694 0.005310194 0.077210046 56.374389648
0.052291345 0.064021051 0.996577561 8.937209129 0.006871547 0.997896254 -0.064466305 -0.457929730 -0.998608172 0.010219062 0.051741421 56.383468628
0.032265972 0.063372672 0.997468174 9.517374992 0.011940125 0.997892201 -0.063785844 -0.480896175 -0.999408007 0.013968008 0.031441282 56.388244629
0.016607858 0.065286808 0.997728348 10.107408524 0.014962767 0.997737944 -0.065536499 -0.506659627 -0.999750137 0.016017197 0.015593421 56.384349823
0.002861535 0.064859323 0.997890294 10.692074776 0.015139644 0.997777283 -0.064895384 -0.545474887 -0.999881268 0.015293403 0.001873220 56.379295349
-0.008489154 0.065839894 0.997794032 11.300926208 0.016311556 0.997706413 -0.065695316 -0.578185618 -0.999830902 0.015717873 -0.009543638 56.363342285
-0.017730918 0.068799868 0.997472882 11.939396858 0.021312358 0.997429192 -0.068417996 -0.614613116 -0.999615610 0.020045388 -0.019151621 56.353115082
-0.024090733 0.070515983 0.997219741 12.560356140 0.025454193 0.997229099 -0.069901727 -0.650917172 -0.999385655 0.023699438 -0.025818907 56.321891785
-0.028944101 0.069968149 0.997129142 13.213209152 0.025446951 0.997275412 -0.069239736 -0.688442290 -0.999257088 0.023369815 -0.030645717 56.310138702
-0.032536060 0.067289516 0.997202873 13.879500389 0.023982378 0.997496367 -0.066526845 -0.723407269 -0.999182820 0.021750778 -0.034068372 56.287864685
-0.034979444 0.060341302 0.997564673 14.558788300 0.021638224 0.997987211 -0.059608113 -0.762034774 -0.999153852 0.019500472 -0.036214717 56.271579742
-0.036121242 0.054842062 0.997841477 15.239378929 0.022973595 0.998274744 -0.054034241 -0.793775082 -0.999083340 0.020972224 -0.037318848 56.242900848
-0.036766913 0.051852934 0.997977734 15.932537079 0.025196498 0.998383522 -0.050945751 -0.832414985 -0.999006212 0.023272427 -0.038013995 56.219154358
-0.036469635 0.054327138 0.997856975 16.647758484 0.028678983 0.998166859 -0.053295851 -0.875228524 -0.998923182 0.026673842 -0.037960827 56.178936005
-0.035517063 0.061819006 0.997455239 17.347314835 0.029517528 0.997714400 -0.060784020 -0.906597912 -0.998933077 0.027283542 -0.037260626 56.152740479
-0.033402167 0.070003301 0.996987402 18.054584503 0.030484766 0.997151315 -0.068993464 -0.937280238 -0.998977005 0.028088395 -0.035441041 56.133773804
-0.031096516 0.070644237 0.997016728 18.780593872 0.031174241 0.997082472 -0.069676571 -0.973816156 -0.999030113 0.028914545 -0.033208072 56.110561371
-0.029010665 0.066304564 0.997377574 19.537918091 0.030822234 0.997382462 -0.065408371 -1.015757322 -0.999103785 0.028843869 -0.030978376 56.094547272
-0.026574440 0.059930593 0.997848749 20.293401718 0.030269720 0.997791708 -0.059121039 -1.062455177 -0.999188423 0.028633496 -0.028329842 56.069972992
-0.023797149 0.058203097 0.998021066 21.029964447 0.028425872 0.997939467 -0.057520550 -1.105863214 -0.999312639 0.027000794 -0.025402592 56.058334351
-0.020156801 0.063508183 0.997777760 21.760627747 0.035990532 0.997379780 -0.062755793 -1.149463415 -0.999148786 0.034645598 -0.022389682 56.032981873
-0.017205376 0.069041923 0.997465372 22.492973328 0.037951168 0.996939242 -0.068350881 -1.190503359 -0.999131501 0.036678974 -0.019772938 56.025089264
-0.014909885 0.069731794 0.997454286 23.228929520 0.031749520 0.997095168 -0.069232091 -1.234349370 -0.999384642 0.030636454 -0.017080529 56.034221649
-0.011664403 0.065963425 0.997753799 23.995922089 0.027330151 0.997469962 -0.065625146 -1.282844663 -0.999558389 0.026503284 -0.013437681 56.024120331
-0.006850375 0.062195797 0.998040378 24.735340118 0.031259153 0.997589529 -0.061953131 -1.333711863 -0.999487817 0.030773496 -0.008778051 56.012435913
-0.003175847 0.063464470 0.997979045 25.476339340 0.035933763 0.997346818 -0.063309908 -1.376429677 -0.999349058 0.035660081 -0.005447938 56.005325317
-0.001029340 0.067531221 0.997716665 26.212060928 0.035671875 0.997084737 -0.067451648 -1.431794524 -0.999363005 0.035520993 -0.003435305 56.021202087
0.003315966 0.068576664 0.997640312 26.986589432 0.031945292 0.997129381 -0.068647720 -1.470617652 -0.999484122 0.032097552 0.001115746 56.017154694
0.006865890 0.068432964 0.997632027 27.737709045 0.031134488 0.997157276 -0.068614669 -1.513007879 -0.999491632 0.031531867 0.004715747 56.029655457
0.010508744 0.064889558 0.997837126 28.477445602 0.035399407 0.997242570 -0.065223701 -1.564119339 -0.999318004 0.036008254 0.008182716 56.033023834
0.014564485 0.065702908 0.997732937 29.226640701 0.039520815 0.997021258 -0.066232949 -1.611191154 -0.999112606 0.040395863 0.011924469 56.033119202
0.017984444 0.066294588 0.997637987 29.990636826 0.042937789 0.996827602 -0.067014799 -1.665038824 -0.998915792 0.044041600 0.015080848 56.044361115
0.020766901 0.066240817 0.997587502 30.740402222 0.043233551 0.996809840 -0.067089178 -1.711425185 -0.998849094 0.044522487 0.017836822 56.062084198
0.024088407 0.064523987 0.997625411 31.485980988 0.044876397 0.996839166 -0.065556712 -1.760832548 -0.998702049 0.046348989 0.021116665 56.085510254
0.027460663 0.063341044 0.997614026 32.225769043 0.046748418 0.996817112 -0.064577252 -1.812747002 -0.998529077 0.048410214 0.024412163 56.107200623
0.030070199 0.063079134 0.997555315 32.976234436 0.045160983 0.996901810 -0.064399123 -1.870646477 -0.998527050 0.046987079 0.027128320 56.147621155
0.033827223 0.065280639 0.997293413 33.738906860 0.041993998 0.996890545 -0.066678651 -1.906676173 -0.998544991 0.044135902 0.030980641 56.151889801
0.036923297 0.065283529 0.997183442 34.494392395 0.044076227 0.996786475 -0.066889569 -1.949741244 -0.998345613 0.046421867 0.033927191 56.175598145
0.039523967 0.065026499 0.997100413 35.253330231 0.041899487 0.996894658 -0.066673934 -1.996920228 -0.998339772 0.044413213 0.036676656 56.211574554
0.041743699 0.065238953 0.996996164 36.005523682 0.040056355 0.996954441 -0.066913374 -2.043041229 -0.998325109 0.042729236 0.039003331 56.251277924
0.044564743 0.064910397 0.996895492 36.769119263 0.037291050 0.997083366 -0.066589676 -2.096791744 -0.998310268 0.040142838 0.042014189 56.290233612
0.047293041 0.067308538 0.996610701 37.532852173 0.035667025 0.996977210 -0.069025815 -2.139693260 -0.998244047 0.038810581 0.044749383 56.336963654
0.051152550 0.071118869 0.996155381 38.297088623 0.034482948 0.996740699 -0.072931357 -2.184338331 -0.998095334 0.038081001 0.048533440 56.375392914
0.054178528 0.072676256 0.995882988 39.065013885 0.035195317 0.996589124 -0.074642502 -2.242388725 -0.997910798 0.039094437 0.051435865 56.424098969
0.056977373 0.074947216 0.995558441 39.828102112 0.029038457 0.996631980 -0.076689973 -2.292651892 -0.997953057 0.033279072 0.054609120 56.480354309
0.059688952 0.074295588 0.995448351 40.619739532 0.025244191 0.996795058 -0.075909793 -2.343242407 -0.997897744 0.029660264 0.057622127 56.536708832
0.063557371 0.074691921 0.995179236 41.395217896 0.027587838 0.996682644 -0.076566674 -2.399666071 -0.997596741 0.032321218 0.061285947 56.588890076
0.067597575 0.076032676 0.994811356 42.166027069 0.026726123 0.996596158 -0.077985138 -2.452531338 -0.997354627 0.031859055 0.065335423 56.636970520
0.071162157 0.076826029 0.994501710 42.950313568 0.022850713 0.996642232 -0.078626491 -2.509032011 -0.997202992 0.028320303 0.069167681 56.712944031
0.075410604 0.074863009 0.994338393 43.743949890 0.021786973 0.996815979 -0.076701872 -2.562498331 -0.996914506 0.027447755 0.073539466 56.774795532
0.080009416 0.074776284 0.993985415 44.541694641 0.022018025 0.996806324 -0.076760821 -2.627878189 -0.996550918 0.028027182 0.078107469 56.835502625
0.085320182 0.078216761 0.993278742 45.335811615 0.019007955 0.996604681 -0.080111392 -2.685650349 -0.996172249 0.025715319 0.083543748 56.910739899
0.090868302 0.086856604 0.992067993 46.129890442 0.016753582 0.995914936 -0.088727966 -2.747619152 -0.995721936 0.024683258 0.089041941 57.002750397
0.098323330 0.091561899 0.990933418 46.911598206 0.015773375 0.995489776 -0.093548000 -2.809118032 -0.995029509 0.024828315 0.096435644 57.082782745
0.105625376 0.094584398 0.989897490 47.692955017 0.010536247 0.995303810 -0.096225217 -2.876686096 -0.994350195 0.020593630 0.104132771 57.176742554
0.112213135 0.092696734 0.989351094 48.493770599 0.007358362 0.995534539 -0.094110683 -2.947693110 -0.993656874 0.017840460 0.111029945 57.280548096
0.119745567 0.091487125 0.988580346 49.303741455 0.007308291 0.995636940 -0.093025401 -3.011210203 -0.992777765 0.018364213 0.118554488 57.386295319
0.127682433 0.087620206 0.987937212 50.132125854 0.006794229 0.995989442 -0.089212455 -3.085091352 -0.991791785 0.018103136 0.126575023 57.491298676
0.134922788 0.081698209 0.987482309 50.945472717 0.004783755 0.996529698 -0.083100356 -3.159226894 -0.990844607 0.015936004 0.134063736 57.614868164
0.141749695 0.074987188 0.987058282 51.746616364 0.002303318 0.997099042 -0.076080769 -3.209305286 -0.989899874 0.013057934 0.141165748 57.744842529
0.149184272 0.072127871 0.986175299 52.546092987 0.001748072 0.997315228 -0.073207088 -3.278843641 -0.988807857 0.012645248 0.148657665 57.870666504
0.156329900 0.073987506 0.984929860 53.377937317 0.001704220 0.997168720 -0.075177364 -3.341091394 -0.987703443 0.013431010 0.155761227 58.010261536
0.162191018 0.080728590 0.983451664 54.168373108 0.002067336 0.996617854 -0.082150310 -3.398729563 -0.986757219 0.015357167 0.161475569 58.144016266
0.166919202 0.084151372 0.982372880 54.946769714 0.000329895 0.996346354 -0.085404396 -3.460312843 -0.985970497 0.014579716 0.166281581 58.288452148
0.171890035 0.087125294 0.981255829 55.731594086 -0.000438547 0.996088028 -0.088365406 -3.523132801 -0.985116005 0.014758808 0.171255827 58.440353394
0.177367851 0.086925000 0.980298221 56.493881226 -0.003162953 0.996136844 -0.087757148 -3.585787296 -0.984139681 0.012464663 0.176957577 58.577041626
0.182713881 0.083970860 0.979573667 57.248699188 0.000129785 0.996344030 -0.085432656 -3.659054756 -0.983166099 0.015736865 0.182034940 58.709930420
0.187188759 0.077206649 0.979285240 58.009101868 0.001461104 0.996883571 -0.078873403 -3.714711666 -0.982322812 0.016195051 0.186492592 58.858699799
0.190714896 0.071300425 0.979052663 58.762065887 -0.000502451 0.997365654 -0.072536208 -3.771171808 -0.981645286 0.013341811 0.190248311 59.007255554
0.193657145 0.068077885 0.978704393 59.495433807 -0.004095966 0.997636914 -0.068584338 -3.827589989 -0.981060624 0.009273109 0.193478361 59.167007446
0.196833819 0.068041056 0.978073001 60.228069305 -0.005780268 0.997652292 -0.068239853 -3.880519629 -0.980419755 0.007778387 0.196764991 59.319812775
0.198833644 0.069914848 0.977536261 60.940776825 -0.007589119 0.997532070 -0.069801331 -3.930907488 -0.980003893 0.006460215 0.198873520 59.474807739
0.200307980 0.074464135 0.976899087 61.642459869 -0.011877908 0.997218847 -0.073577501 -3.981615782 -0.979661047 0.003134645 0.200635344 59.629261017
0.202318996 0.078499980 0.976168513 62.329898834 -0.012929571 0.996909499 -0.077488139 -4.033132553 -0.979234278 0.003055881 0.202708662 59.781963348
0.203999370 0.083464742 0.975406528 63.008750916 -0.012953321 0.996501923 -0.082560755 -4.088282585 -0.978885353 0.004207587 0.204366893 59.937103271
0.205618307 0.085605502 0.974880934 63.687240601 -0.012638752 0.996316016 -0.084822007 -4.143309593 -0.978550673 0.005119679 0.205942750 60.083305359
0.207093909 0.085507102 0.974577188 64.348709106 -0.015178397 0.996334076 -0.084190644 -4.197010994 -0.978203297 0.002642850 0.207632586 60.229610443
0.208031222 0.082562953 0.974631429 65.026260376 -0.015177052 0.996583641 -0.081183106 -4.254463196 -0.978004456 0.002096584 0.208573550 60.375007629
0.208743125 0.079969458 0.974695444 65.680786133 -0.015065079 0.996795893 -0.078556336 -4.307707787 -0.977854431 0.001714229 0.209279016 60.516292572
0.208924234 0.078870580 0.974746227 66.332283020 -0.013943053 0.996881306 -0.077673122 -4.357468128 -0.977832437 0.002636859 0.209372371 60.656799316
0.207226962 0.078492314 0.975138962 66.968269348 -0.014303468 0.996912658 -0.077205308 -4.403626442 -0.978188336 0.002051153 0.207709894 60.797134399
0.205640852 0.078981839 0.975435197 67.585968018 -0.015653204 0.996875823 -0.077417903 -4.461646557 -0.978502333 0.000651600 0.206234723 60.927249908
0.203116119 0.081926279 0.975721300 68.203636169 -0.016260322 0.996638298 -0.080297649 -4.511161804 -0.979019642 0.000444206 0.203765452 61.068164825
0.201375574 0.085650362 0.975762188 68.805381775 -0.013143426 0.996316254 -0.084742039 -4.556423664 -0.979425848 0.004240120 0.201759547 61.191139221
0.200032666 0.086287677 0.975982249 69.408096313 -0.010914209 0.996248960 -0.085842550 -4.603120327 -0.979728401 0.006519239 0.200224131 61.307422638
0.197257027 0.085229099 0.976639986 69.996757507 -0.011455656 0.996346116 -0.084635049 -4.646559715 -0.980284810 0.005506807 0.197512627 61.437885284
0.195027128 0.082385533 0.977331579 70.577911377 -0.012111879 0.996592224 -0.081592202 -4.695342541 -0.980722964 0.004075370 0.195360363 61.551624298
0.192878991 0.078204408 0.978101075 71.152847290 -0.011130052 0.996929049 -0.077514969 -4.746663570 -0.981159389 0.004064694 0.193157107 61.665164948
0.191351533 0.077310540 0.978472114 71.717468262 -0.007376784 0.996978164 -0.077330120 -4.793478966 -0.981493890 0.007579260 0.191343606 61.768009186
0.189292341 0.078828171 0.978751421 72.270057678 -0.003805830 0.996823668 -0.079547651 -4.835715771 -0.981913388 0.011332798 0.188991129 61.874305725
0.186409444 0.080885515 0.979136825 72.812561035 -0.000163854 0.996607721 -0.082297571 -4.878321171 -0.982472122 0.015180608 0.185790360 61.979331970
0.185002059 0.083190314 0.979210675 73.368148804 -0.000232302 0.996414244 -0.084607981 -4.913396358 -0.982738137 0.015425177 0.184358031 62.081809998
0.183801234 0.085088544 0.979273736 73.907844543 -0.000711078 0.996257603 -0.086430781 -4.963040829 -0.982963085 0.015189747 0.183173865 62.180492401
0.182703122 0.083237417 0.979638219 74.461715698 0.001064782 0.996392310 -0.084859550 -5.012651920 -0.983167470 0.016547207 0.181955352 62.282070160
0.183684930 0.082177326 0.979544103 75.014839172 0.007137875 0.996361613 -0.084926695 -5.047944546 -0.982959211 0.022591619 0.182430059 62.372947693
0.185617357 0.080033831 0.979357243 75.559921265 0.012336551 0.996409118 -0.083765462 -5.090647221 -0.982544661 0.027630214 0.183963493 62.472351074
0.187585384 0.079581872 0.979019046 76.123863220 0.014974822 0.996364951 -0.083861113 -5.136761665 -0.982134163 0.030391758 0.185711756 62.582756042
0.190239012 0.079543054 0.978510082 76.679130554 0.011833151 0.996454120 -0.083302274 -5.182287693 -0.981666446 0.027426200 0.188623175 62.709976196
0.195228383 0.080311611 0.977464020 77.242149353 0.010122003 0.996423542 -0.083891049 -5.227988243 -0.980705500 0.026271809 0.193717241 62.841419220
0.202782795 0.078901172 0.976039767 77.777343750 0.011960599 0.996474624 -0.083038017 -5.268479347 -0.979150712 0.028512705 0.201124191 62.932754517
0.210593581 0.079625241 0.974325478 78.346298218 0.010078324 0.996447563 -0.083611481 -5.304308414 -0.977521777 0.027427614 0.209042966 63.061084747
0.218687117 0.077399828 0.972720444 78.917411804 0.010324135 0.996609867 -0.081621781 -5.351192474 -0.975740433 0.027892135 0.217146680 63.204391479
0.227600217 0.076653890 0.970732808 79.492736816 0.007147542 0.996738374 -0.080383219 -5.401382923 -0.973728418 0.025233597 0.226310000 63.351425171
0.236872181 0.076960757 0.968487799 80.074470520 0.005617126 0.996732473 -0.080579035 -5.439974785 -0.971524596 0.024527051 0.235665902 63.507030487
0.246370137 0.080455229 0.965830564 80.676742554 0.000031360 0.996547759 -0.083021998 -5.495723724 -0.969175816 0.020484433 0.245517090 63.687267303
0.256079704 0.082271874 0.963148236 81.259925842 -0.002870448 0.996431887 -0.084351785 -5.533309460 -0.966651320 0.018836109 0.255402178 63.838565826
0.266771555 0.085221775 0.959984541 81.861419678 -0.006984873 0.996227443 -0.086498201 -5.578548431 -0.963734388 0.016369883 0.266360402 64.021133423
0.276877671 0.087081425 0.956951261 82.469108582 -0.008357977 0.996065736 -0.088222578 -5.627908707 -0.960868776 0.016428685 0.276516229 64.210853577
0.286887974 0.087787740 0.953933239 83.095703125 -0.011283549 0.996032834 -0.088268600 -5.676693439 -0.957897663 0.014559445 0.286740422 64.409698486
0.297109753 0.088187680 0.950762212 83.709617615 -0.012400724 0.995998204 -0.088508368 -5.728541374 -0.954762816 0.014506553 0.297014326 64.613067627
0.307624400 0.089373626 0.947301209 84.367813110 -0.016822411 0.995934188 -0.088499077 -5.770685196 -0.951359153 0.011288586 0.307877153 64.829040527
0.317991734 0.084791191 0.944294333 85.026695251 -0.015823826 0.996328771 -0.084134847 -5.813210011 -0.947961509 0.011811838 0.318166018 65.062683105
0.328807622 0.077270843 0.941230416 85.692588806 -0.012230142 0.996912003 -0.077569582 -5.869570255 -0.944317818 0.013994088 0.328737259 65.293586731
0.339581430 0.073211089 0.937723100 86.349227905 -0.011070404 0.997208118 -0.073846318 -5.920085430 -0.940511525 0.014695864 0.339443803 65.542930603
0.349825442 0.069973759 0.934198022 87.030708313 -0.012006924 0.997459531 -0.070216022 -5.968510151 -0.936738014 0.013346508 0.349776894 65.808441162
0.359198064 0.067576729 0.930811584 87.716384888 -0.005610408 0.997513294 -0.070254214 -6.008777618 -0.933244467 0.020012949 0.358683974 66.073135376
0.367998332 0.062159628 0.927746356 88.423599243 0.001055838 0.997734427 -0.067267694 -6.047388554 -0.929825842 0.025733944 0.367098927 66.347709656
0.375069380 0.052889545 0.925486684 89.144004822 0.010729530 0.998056591 -0.061385080 -6.087035656 -0.926934659 0.032953694 0.373772919 66.628196716
0.381771505 0.048267350 0.922995687 89.843063354 0.015971443 0.998141825 -0.058803208 -6.133886814 -0.924118757 0.037190959 0.380291253 66.922508240
0.388991714 0.048226219 0.919978201 90.550247192 0.017768485 0.998050332 -0.059831847 -6.183177948 -0.921069860 0.039620705 0.387376398 67.224578857
0.396546036 0.054545246 0.916392982 91.262023926 0.020074114 0.997479498 -0.068058208 -6.222297192 -0.917795300 0.045383990 0.394451499 67.533645630
0.403873444 0.058659576 0.912932277 91.976608276 0.024339532 0.996899784 -0.074822426 -6.263706207 -0.914491057 0.052439135 0.401193589 67.840515137
0.409406781 0.060688969 0.910331309 92.683975220 0.022474675 0.996811450 -0.076561965 -6.315880299 -0.912075102 0.051804382 0.406737417 68.158142090
0.413551599 0.062541418 0.908330083 93.375251770 0.015279147 0.997020781 -0.075604461 -6.369931698 -0.910352468 0.045144863 0.411364019 68.495986938
0.417445242 0.066321500 0.906278610 94.064796448 0.008341692 0.997011304 -0.076803617 -6.426743984 -0.908663809 0.039621200 0.415644437 68.831146240
0.421693563 0.069240101 0.904090881 94.753242493 0.007607947 0.996775031 -0.079886876 -6.487607479 -0.906706512 0.040566064 0.419806778 69.148155212
0.425624967 0.073550276 0.901905596 95.423889160 0.004338144 0.996514082 -0.083312824 -6.544135094 -0.904889286 0.039372619 0.423822165 69.473968506
0.429273754 0.076272681 0.899948001 96.084312439 0.001456898 0.996367991 -0.085139431 -6.603817940 -0.903173268 0.037859261 0.427603543 69.795608521
0.432880998 0.074615560 0.898357630 96.734107971 0.000171090 0.996561587 -0.082854591 -6.665963650 -0.901451051 0.036019880 0.431379795 70.120559692
0.437132001 0.071607612 0.896542132 97.394035339 0.001205854 0.996778011 -0.080201477 -6.724926949 -0.899396598 0.036139734 0.435637176 70.447326660
0.440742016 0.068917505 0.894984245 98.036506653 0.000945737 0.997012079 -0.077239811 -6.779333115 -0.897633255 0.034889251 0.439359963 70.757202148
0.444285005 0.068259448 0.893281341 98.666549683 -0.000245118 0.997102380 -0.076070957 -6.833864689 -0.895885468 0.033578224 0.443014383 71.080612183
0.447438002 0.069574013 0.891604543 99.275222778 -0.002264745 0.997054279 -0.076665968 -6.890056133 -0.894312084 0.032284014 0.446277529 71.398391724
0.449992985 0.070263050 0.890263677 99.882644653 -0.001519949 0.996958733 -0.077915572 -6.941532612 -0.893030882 0.033708304 0.448731273 71.710144043
0.452225834 0.068527967 0.889266968 100.483917236 0.000576888 0.997021258 -0.077125028 -6.990759373 -0.891903281 0.035390936 0.450839251 72.017562866
0.454195231 0.067435220 0.888346314 101.085174561 0.001581519 0.997068524 -0.076497041 -7.053911209 -0.890900731 0.036149532 0.452757180 72.320381165
0.456238091 0.067165300 0.887319326 101.674049377 0.001568994 0.997085094 -0.076280713 -7.089615822 -0.889856339 0.036194365 0.454802841 72.620918274
0.458017945 0.066417672 0.886458337 102.249084473 0.003088343 0.997079968 -0.076301672 -7.140047073 -0.888937533 0.037685219 0.456475437 72.924186707
0.460897714 0.068208061 0.884828210 102.812026978 0.002451520 0.996940374 -0.078127347 -7.185754299 -0.887449920 0.038177881 0.459320307 73.212615967
0.463968426 0.067799278 0.883253336 103.372077942 0.005625405 0.996821284 -0.079471841 -7.239352703 -0.885833859 0.041841086 0.462112188 73.504203796
0.467018902 0.067374341 0.881676733 103.924201965 0.007184803 0.996770918 -0.079975143 -7.286371708 -0.884218156 0.043684576 0.465026826 73.796600342
0.469632328 0.065793715 0.880407095 104.461975098 0.009981120 0.996759832 -0.079813078 -7.338197231 -0.882805645 0.046270248 0.467453957 74.105003357
0.473207682 0.064919055 0.878555655 104.973808289 0.010953954 0.996770322 -0.079554312 -7.382731438 -0.880882800 0.047269370 0.470968246 74.354286194
0.476381719 0.064424351 0.876875162 105.492523193 0.012326209 0.996724486 -0.079926230 -7.427008629 -0.879152179 0.048883930 0.474027216 74.639518738
0.479931921 0.063577957 0.874998987 106.008354187 0.012748934 0.996759832 -0.079417907 -7.475619316 -0.877213120 0.049270488 0.477566332 74.923492432
0.483280778 0.063007064 0.873195171 106.516899109 0.014591493 0.996688485 -0.079993814 -7.518147945 -0.875343800 0.051400691 0.480761051 75.208694458
0.487185210 0.063975111 0.870952189 107.018218994 0.014095728 0.996607125 -0.081089735 -7.568059444 -0.873184919 0.051782422 0.484630436 75.488609314
0.490981221 0.064409770 0.868785858 107.519798279 0.016090037 0.996422470 -0.082965516 -7.613838196 -0.871021509 0.054713301 0.488188356 75.787727356
0.496349603 0.067774363 0.865473092 107.997512817 0.013914078 0.996198714 -0.085991085 -7.657127857 -0.868011177 0.054723904 0.493519872 76.052734375
0.501863360 0.073536292 0.861815274 108.480529785 0.010569088 0.995783627 -0.091122158 -7.702616692 -0.864882290 0.054839477 0.498970121 76.341362000
0.507680416 0.080554955 0.857771277 108.964111328 0.005349278 0.995305240 -0.096637063 -7.753323078 -0.861528933 0.053649191 0.504866064 76.644508362
0.513768852 0.086866356 0.853519678 109.446571350 0.000315218 0.994841754 -0.101439051 -7.803452969 -0.857928634 0.052385271 0.511091292 76.948249817
0.519576430 0.091560364 0.849503934 109.915588379 -0.003350492 0.994452417 -0.105133787 -7.853413582 -0.854417384 0.051778790 0.517000794 77.267608643
0.525346100 0.091690235 0.845934033 110.400421143 -0.007935910 0.994661868 -0.102882348 -7.906971931 -0.850851655 0.047335580 0.523269355 77.563064575
0.530974090 0.091108687 0.842475951 110.897781372 -0.014418066 0.995030701 -0.098519504 -7.954936981 -0.847265422 0.040164430 0.529649138 77.892440796
0.536593437 0.088292129 0.839209199 111.391098022 -0.020424683 0.995578647 -0.091683954 -8.011793137 -0.843593776 0.032056421 0.536024332 78.232551575
0.542452097 0.086527459 0.835618734 111.893409729 -0.026507217 0.995949209 -0.085922018 -8.064415932 -0.839668512 0.024458643 0.542548299 78.576461792
0.548342109 0.084733792 0.831950247 112.400978088 -0.029636223 0.996197462 -0.081928939 -8.118710518 -0.835728884 0.020269219 0.548768044 78.930541992
0.554910779 0.088392690 0.827200532 112.914916992 -0.034704104 0.995933235 -0.083142497 -8.163017273 -0.831185758 0.017429419 0.555721581 79.287780762
0.560939610 0.092630565 0.822658062 113.427131653 -0.038867585 0.995571494 -0.085598104 -8.207447052 -0.826943815 0.016040636 0.562055707 79.656860352
0.566682220 0.095690601 0.818360925 113.963661194 -0.041526321 0.995287776 -0.087623283 -8.260076523 -0.822889328 0.015671024 0.567985535 80.048576355
0.573074579 0.098041430 0.813617527 114.499488831 -0.043719362 0.995061636 -0.089111686 -8.305135727 -0.818336308 0.015496802 0.574530780 80.437377930
