1.000000000 0.000000000 0.000000000 0.000000000 0.000000000 1.000000000 0.000000000 0.000000000 0.000000000 0.000000000 1.000000000 0.000000000
0.999998689 0.000718898 0.001452614 -0.006335879 -0.000712314 0.999989510 -0.004527603 -0.002712455 -0.001455854 0.004526562 0.999988675 0.964898765
0.999996722 -0.001405248 0.002135162 -0.002167365 0.001416682 0.999984622 -0.005362842 -0.000546888 -0.002127593 0.005365849 0.999983311 1.918873668
0.999993563 -0.002360770 0.002712250 -0.009430038 0.002364319 0.999996305 -0.001305916 -0.003848935 -0.002709157 0.001312320 0.999995470 2.859054565
0.999986172 -0.004809771 0.002125078 -0.007385409 0.004799331 0.999976456 0.004891055 -0.007469518 -0.002148553 -0.004880789 0.999985754 3.806369543
0.999963820 -0.008485561 0.000555037 -0.004044139 0.008482661 0.999951363 0.005035386 -0.005319006 -0.000597738 -0.005030496 0.999987185 4.743482113
0.999939084 -0.011037108 -0.000192112 -0.004518204 0.011037468 0.999937117 0.001982430 -0.001052012 0.000170220 -0.001984430 0.999998033 5.673250198
0.999929130 -0.011844115 -0.001185283 -0.007234191 0.011842028 0.999928296 -0.001752598 0.005997434 0.001205956 0.001738437 0.999997735 6.603353024
0.999935985 -0.011211058 -0.001529577 -0.015903965 0.011208340 0.999935627 -0.001772827 -0.002855379 0.001549354 0.001755569 0.999997199 7.526661396
0.999933600 -0.011186413 -0.002783079 -0.023060214 0.011186426 0.999937475 -0.000010826 -0.001676111 0.002783026 -0.000020307 0.999996066 8.442856789
0.999937892 -0.010721354 -0.003042899 -0.035806641 0.010729116 0.999939203 0.002546926 0.005145497 0.003015408 -0.002579415 0.999992132 9.382713318
0.999931216 -0.011089531 -0.003812650 -0.046422273 0.011104925 0.999930203 0.004040384 0.008441575 0.003767578 -0.004082445 0.999984562 10.303822517
0.999915838 -0.012113814 -0.004645381 -0.047827706 0.012136080 0.999914825 0.004795108 0.010572067 0.004586899 -0.004851080 0.999977708 11.214729309
0.999909103 -0.012341117 -0.005442614 -0.055582177 0.012368664 0.999910712 0.005056935 0.010551348 0.005379720 -0.005123794 0.999972403 12.129745483
0.999899507 -0.012792533 -0.006117299 -0.065468296 0.012813201 0.999912381 0.003351399 0.016569480 0.006073889 -0.003429444 0.999975622 13.031063080
0.999882996 -0.013374541 -0.007420655 -0.077605277 0.013384310 0.999909639 0.001268332 0.023732509 0.007403021 -0.001367504 0.999971628 13.934107780
0.999849200 -0.014738382 -0.009175814 -0.085790820 0.014734779 0.999891400 -0.000460225 0.032505114 0.009181599 0.000324952 0.999957740 14.839657784
0.999841332 -0.014222884 -0.010718608 -0.103506468 0.014213248 0.999898493 -0.000974538 0.031067394 0.010731380 0.000822037 0.999942064 15.748764038
0.999836802 -0.013317332 -0.012206279 -0.119067527 0.013296178 0.999909937 -0.001812706 0.030042564 0.012229320 0.001650113 0.999923885 16.647151947
0.999835968 -0.011914189 -0.013637800 -0.137390390 0.011894256 0.999928057 -0.001541755 0.026632732 0.013655187 0.001379290 0.999905825 17.525978088
0.999804616 -0.012467736 -0.015331750 -0.153082445 0.012454802 0.999921978 -0.000938708 0.028832087 0.015342257 0.000747571 0.999881983 18.418842316
0.999782145 -0.012164768 -0.016958466 -0.171135396 0.012178254 0.999925613 0.000692156 0.025498968 0.016948784 -0.000898530 0.999856055 19.311195374
0.999761641 -0.011880187 -0.018318452 -0.193348601 0.011906301 0.999928176 0.001317049 0.025997881 0.018301491 -0.001534840 0.999831378 20.189125061
0.999721348 -0.012883345 -0.019786287 -0.212891906 0.012917784 0.999915242 0.001613621 0.021225668 0.019763822 -0.001868766 0.999802947 21.075405121
0.999684632 -0.012725469 -0.021651017 -0.234549001 0.012746003 0.999918461 0.000810633 0.026229195 0.021638934 -0.001086341 0.999765337 21.947099686
0.999657929 -0.012812639 -0.022799622 -0.256512463 0.012842000 0.999916852 0.001141756 0.028719835 0.022783095 -0.001434158 0.999739408 22.811784744
0.999649882 -0.012806346 -0.023152832 -0.289638489 0.012877945 0.999912739 0.002946037 0.032283228 0.023113079 -0.003243166 0.999727547 23.663749695
0.999609768 -0.013813367 -0.024277031 -0.306395173 0.013956536 0.999886155 0.005737706 0.035427187 0.024195012 -0.006074291 0.999688804 24.499780655
0.999581754 -0.014095285 -0.025251947 -0.325848162 0.014287411 0.999870181 0.007444091 0.037766933 0.025143743 -0.007801763 0.999653399 25.341724396
0.999585629 -0.013263307 -0.025546934 -0.358672202 0.013423698 0.999891222 0.006117033 0.040111899 0.025463020 -0.006457432 0.999654889 26.164773941
0.999594748 -0.011211016 -0.026166163 -0.385501415 0.011313484 0.999928832 0.003771242 0.040945943 0.026122019 -0.004065743 0.999650478 26.977493286
0.999578536 -0.010716246 -0.026981166 -0.410425574 0.010771380 0.999940157 0.001898866 0.046828449 0.026959203 -0.002188690 0.999634087 27.778367996
0.999569893 -0.009671967 -0.027685225 -0.440865725 0.009719413 0.999951541 0.001579667 0.049344681 0.027668601 -0.001848072 0.999615431 28.573062897
0.999524593 -0.009983841 -0.029169362 -0.464139819 0.010026225 0.999948859 0.001307110 0.044161554 0.029154820 -0.001598947 0.999573648 29.355333328
0.999452293 -0.010026170 -0.031534430 -0.489235967 0.010039632 0.999949574 0.000268609 0.045120902 0.031530146 -0.000585056 0.999502659 30.132253647
0.999403179 -0.009594346 -0.033184562 -0.522122085 0.009611729 0.999953747 0.000364304 0.044690583 0.033179525 -0.000683048 0.999449253 30.896715164
0.999334335 -0.009929253 -0.035103735 -0.545775771 0.009981148 0.999949276 0.001303384 0.048333716 0.035089016 -0.001652892 0.999382854 31.667161942
0.999245286 -0.010350115 -0.037437342 -0.573490500 0.010492189 0.999938428 0.003600534 0.050601330 0.037397776 -0.003990617 0.999292493 32.420085907
0.999189973 -0.009053933 -0.039209645 -0.609692156 0.009262177 0.999943912 0.005132707 0.052378491 0.039160978 -0.005491717 0.999217868 33.171588898
0.999126673 -0.007914900 -0.041027267 -0.641570032 0.008144020 0.999952078 0.005420446 0.049442813 0.040982407 -0.005749840 0.999143302 33.892265320
0.999079645 -0.005609491 -0.042525195 -0.685544908 0.005816681 0.999971747 0.004750003 0.049098577 0.042497355 -0.004992987 0.999084055 34.598621368
0.998981535 -0.003312924 -0.044998232 -0.712220252 0.003496988 0.999985814 0.004012396 0.055894092 0.044984300 -0.004165669 0.998978972 35.319438934
0.998911321 -0.003418118 -0.046523761 -0.746450603 0.003655382 0.999980748 0.005015730 0.056259949 0.046505716 -0.005180332 0.998904526 36.023960114
0.998888910 -0.001773756 -0.047093693 -0.796212554 0.002109100 0.999972820 0.007072037 0.057559840 0.047079861 -0.007163505 0.998865366 36.712234497
0.998873293 0.001031553 -0.047445104 -0.829743445 -0.000689638 0.999973655 0.007222367 0.064633593 0.047451299 -0.007181508 0.998847723 37.392593384
0.998909712 0.003490108 -0.046551399 -0.857455313 -0.003251032 0.999981284 0.005210479 0.066185370 0.046568707 -0.005053459 0.998902261 38.067779541
0.998981774 0.005190002 -0.044816494 -0.893120348 -0.005095573 0.999984622 0.002221032 0.067545064 0.044827335 -0.001990405 0.998992741 38.709468842
0.999064028 0.005667715 -0.042881802 -0.920563161 -0.005664826 0.999983966 0.000188867 0.075732596 0.042882178 0.000054229 0.999080181 39.364482880
0.999191463 0.006554726 -0.039666303 -0.949618578 -0.006515245 0.999978125 0.001124509 0.074730031 0.039672799 -0.000865165 0.999212384 40.007434845
0.999262393 0.011356321 -0.036683921 -0.979443312 -0.011227705 0.999930024 0.003710214 0.075761393 0.036723498 -0.003295602 0.999320030 40.649444580
0.999339938 0.015357985 -0.032921769 -1.004974008 -0.015133076 0.999860406 0.007069982 0.077722393 0.033025753 -0.006567108 0.999432981 41.274921417
0.999383092 0.020763068 -0.028326839 -1.035408378 -0.020543762 0.999756873 0.008011322 0.081959039 0.028486297 -0.007424439 0.999566555 41.875957489
0.999443829 0.024261240 -0.022878727 -1.058438540 -0.024073362 0.999674380 0.008451968 0.085170254 0.023076335 -0.007896500 0.999702513 42.462253571
0.999457896 0.028278448 -0.016860781 -1.075936675 -0.028109433 0.999553025 0.010178432 0.091882654 0.017141074 -0.009698967 0.999806046 43.032447815
0.999391675 0.033188883 -0.010713130 -1.082074642 -0.033063069 0.999384582 0.011714905 0.086009093 0.011095343 -0.011353572 0.999873936 43.597175598
0.999321342 0.036648531 -0.003703332 -1.087500572 -0.036604121 0.999264538 0.011422464 0.089608595 0.004119225 -0.011279156 0.999927938 44.130393982
0.999193549 0.039967351 0.003852794 -1.094272256 -0.040009487 0.999132395 0.011561688 0.088608466 -0.003387361 -0.011706512 0.999925733 44.634349823
0.998966634 0.044127818 0.010882360 -1.087095380 -0.044246156 0.998961389 0.010883891 0.094536953 -0.010390772 -0.011354146 0.999881566 45.133785248
0.998667121 0.048065461 0.018805988 -1.085538030 -0.048218664 0.998806477 0.007779018 0.103455320 -0.018409641 -0.008675449 0.999792874 45.607929230
0.998367131 0.050560914 0.026580656 -1.071613789 -0.050718907 0.998698831 0.005303279 0.097952768 -0.026277931 -0.006642762 0.999632597 46.058647156
0.998108506 0.050941940 0.034414086 -1.055718303 -0.051143002 0.998678923 0.004987106 0.101565719 -0.034114573 -0.006737713 0.999395192 46.487865448
0.997852683 0.049917705 0.042404648 -1.031079888 -0.050226424 0.998718321 0.006245732 0.103270225 -0.042038530 -0.008362155 0.999080956 46.883739471
0.997375071 0.052063163 0.050323971 -1.008565784 -0.052485559 0.998596370 0.007107799 0.104640462 -0.049883280 -0.009730423 0.998707592 47.274070740
0.996721864 0.055085093 0.059253592 -0.996864140 -0.055621378 0.998424232 0.007438742 0.100910231 -0.058750454 -0.010710124 0.998215258 47.632629395
0.995903850 0.060114563 0.067540057 -0.967123330 -0.060689416 0.998135507 0.006490164 0.107432559 -0.067023985 -0.010562546 0.997695446 47.960876465
0.994990289 0.063980058 0.076816842 -0.949050546 -0.064705670 0.997879863 0.006991963 0.100478329 -0.076206625 -0.011927420 0.997020721 48.260208130
0.994256914 0.063209653 0.086357236 -0.920433402 -0.064109899 0.997913182 0.007688666 0.098279968 -0.085691035 -0.013180863 0.996234655 48.541980743
0.993377030 0.061884604 0.096810497 -0.881375968 -0.062721603 0.998015285 0.005623727 0.100995705 -0.096270330 -0.011658591 0.995287001 48.821002960
0.992240727 0.060561452 0.108584031 -0.845999002 -0.061066214 0.998132825 0.001326283 0.095710173 -0.108300976 -0.007946809 0.994086385 49.079860687
0.990630746 0.061593324 0.121889211 -0.804781556 -0.061708085 0.998090148 -0.002836704 0.097350731 -0.121831156 -0.004711423 0.992539644 49.346988678
0.988483310 0.063225515 0.137489513 -0.766418457 -0.063138239 0.997992337 -0.005000261 0.094261602 -0.137529612 -0.003738171 0.990490615 49.608100891
0.986012757 0.064970620 0.153485060 -0.715325296 -0.064770594 0.997880220 -0.006308452 0.092032611 -0.153569549 -0.003721107 0.988130748 49.860473633
0.983210444 0.065469258 0.170326248 -0.658526838 -0.065136850 0.997847795 -0.007545034 0.091656990 -0.170453623 -0.003676160 0.985358775 50.115394592
0.979928493 0.064511307 0.188622534 -0.602158010 -0.063973241 0.997911513 -0.008945826 0.093733937 -0.188805714 -0.003300523 0.982008874 50.375858307
0.976052582 0.063674651 0.208006993 -0.534924269 -0.063153774 0.997961879 -0.009151038 0.089246258 -0.208165735 -0.004204530 0.978084564 50.619819641
0.971554279 0.063798033 0.228061646 -0.459247530 -0.063136190 0.997952759 -0.010204214 0.083251834 -0.228245735 -0.004484995 0.973593175 50.854030609
0.966282308 0.065992072 0.248884365 -0.381148368 -0.064890780 0.997812331 -0.012635966 0.083681509 -0.249173731 -0.003940389 0.968450785 51.088512421
0.960032642 0.067306213 0.271674931 -0.298206925 -0.065804243 0.997725070 -0.014645737 0.078519754 -0.272042632 -0.003816978 0.962277591 51.321712494
0.952749252 0.068774506 0.295869708 -0.204152420 -0.067114219 0.997620583 -0.015776714 0.069580406 -0.296250790 -0.004825815 0.955097914 51.567375183
0.944286406 0.071360908 0.321295440 -0.104264058 -0.069691449 0.997428656 -0.016709615 0.063774779 -0.321661741 -0.006612886 0.946831524 51.799247742
0.934345841 0.073648646 0.348674268 0.002508433 -0.071991667 0.997247696 -0.017726647 0.053558789 -0.349020183 -0.008538825 0.937076330 52.040035248
0.923122108 0.074322760 0.377255499 0.122150034 -0.072462015 0.997187436 -0.019144688 0.047153682 -0.377617300 -0.009663804 0.925911307 52.280456543
0.910573661 0.072242014 0.406984866 0.263007641 -0.069626652 0.997346759 -0.021254210 0.037880510 -0.407440484 -0.008983469 0.913187563 52.511104584
0.895635486 0.069644675 0.439302593 0.407661438 -0.065762535 0.997544944 -0.024070971 0.030780567 -0.439900458 -0.007330833 0.898016632 52.740718842
0.878316581 0.069165967 0.473049849 0.566214681 -0.063372277 0.997591555 -0.028196782 0.020401992 -0.473860800 -0.005212540 0.880584300 52.959484100
0.858843029 0.070770293 0.507326484 0.729197264 -0.062436689 0.997488379 -0.033448309 0.014417099 -0.508419454 -0.002948938 0.861104429 53.181400299
0.837021530 0.072645649 0.542326033 0.913580596 -0.061864447 0.997356415 -0.038116794 0.005761581 -0.543661475 -0.001646119 0.839302957 53.407649994
0.812422872 0.075498916 0.578159988 1.111284852 -0.062900379 0.997142971 -0.041824944 -0.001736714 -0.579665959 -0.002386936 0.814850688 53.635326385
0.784902632 0.079593986 0.614485741 1.322455287 -0.066047296 0.996812403 -0.044752169 -0.014917568 -0.616089046 -0.005459027 0.787657559 53.868671417
0.754958868 0.083991796 0.650371015 1.548743486 -0.069711693 0.996423185 -0.047760282 -0.028684629 -0.652056336 -0.009281419 0.758113682 54.099479675
0.721875131 0.084961489 0.686788023 1.805381536 -0.069214791 0.996322691 -0.050502613 -0.045717556 -0.688553274 -0.011079321 0.725101054 54.331848145
0.685282826 0.082392946 0.723601282 2.092090845 -0.065534122 0.996525288 -0.051405702 -0.067937605 -0.725322485 -0.012193129 0.688301265 54.559871674
0.646175086 0.080514178 0.758930385 2.378167868 -0.062376630 0.996664226 -0.052625902 -0.094016798 -0.760635912 -0.013333972 0.649041653 54.759323120
0.603568375 0.079793781 0.793308437 2.712521315 -0.060232479 0.996699512 -0.054425262 -0.115829065 -0.795032859 -0.014933565 0.606382370 54.979412079
0.557342231 0.079866990 0.826432645 3.072963953 -0.056889687 0.996696949 -0.057955321 -0.133527756 -0.828331590 -0.014714549 0.560044825 55.189342499
0.508340359 0.078663066 0.857556045 3.438045979 -0.053765655 0.996775627 -0.059562501 -0.157786146 -0.859476268 -0.015829038 0.510930538 55.383884430
0.460367173 0.076874994 0.884393752 3.870312452 -0.051608957 0.996876121 -0.059787590 -0.177232504 -0.886227190 -0.018118391 0.462896466 55.564796448
0.411146522 0.074424066 0.908526063 4.304902554 -0.050750658 0.996984601 -0.058703523 -0.200533703 -0.910155475 -0.021972546 0.413683861 55.726596832
0.360408902 0.074219160 0.929837048 4.764106750 -0.053993050 0.996818125 -0.058637608 -0.221919596 -0.931230426 -0.029071229 0.363269508 55.895027161
0.310776979 0.074783273 0.947536349 5.216152668 -0.052439198 0.996730626 -0.061466664 -0.245841876 -0.949035108 -0.030585622 0.313682556 56.020839691
0.263994038 0.071287580 0.961886287 5.696896553 -0.041080710 0.997190952 -0.062629320 -0.276885360 -0.963649035 -0.022981206 0.266181082 56.104137421
0.220058218 0.065719582 0.973270476 6.216574192 -0.027558371 0.997748554 -0.061141465 -0.300485373 -0.975097418 -0.013367069 0.221373931 56.177249908
0.177600369 0.064391926 0.981993794 6.743326664 -0.018987268 0.997895479 -0.062000662 -0.334831417 -0.983919501 -0.007634037 0.178449258 56.245689392
0.139239505 0.066035010 0.988054514 7.249041080 -0.015613702 0.997796476 -0.064485766 -0.357397377 -0.990135550 -0.006448221 0.139963746 56.287158966
0.106462225 0.066818349 0.992069125 7.792380333 -0.006970690 0.997765183 -0.066453941 -0.390432000 -0.994292259 0.000159428 0.106690072 56.319126129
0.077727944 0.064995222 0.994853735 8.352453232 0.000295052 0.997871220 -0.065215416 -0.426422477 -0.996974528 0.005362592 0.077543296 56.336856842
0.052660756 0.063065939 0.996619046 8.914317131 0.006942997 0.997956574 -0.063517444 -0.462900192 -0.998588383 0.010264399 0.052115273 56.345306396
0.032779776 0.062471583 0.997508287 9.490779877 0.012007985 0.997947991 -0.062893733 -0.485097975 -0.999390483 0.014039707 0.031962361 56.346809387
0.017051280 0.064400725 0.997778475 10.078437805 0.015178917 0.997791886 -0.064660989 -0.509421706 -0.999739468 0.016247746 0.016036095 56.344154358
0.003211090 0.064037494 0.997942328 10.665976524 0.015071618 0.997830987 -0.064078853 -0.547241986 -0.999881268 0.015246369 0.002238977 56.340564728
-0.007990967 0.064936928 0.997857332 11.275528908 0.016345801 0.997764409 -0.064799972 -0.581524432 -0.999834418 0.015792966 -0.009034550 56.324802399
-0.017358722 0.067961991 0.997536898 11.918185234 0.021292390 0.997486234 -0.067588001 -0.616124749 -0.999622583 0.020066705 -0.018762158 56.316658020
-0.023690108 0.069638543 0.997290909 12.541453362 0.025209144 0.997295380 -0.069040015 -0.654488325 -0.999401450 0.023505287 -0.025381563 56.284927368
-0.028425308 0.069025174 0.997209847 13.192863464 0.025302667 0.997342944 -0.068313137 -0.691030800 -0.999275625 0.023290247 -0.030096306 56.272727966
-0.032171682 0.066533461 0.997265458 13.852544785 0.023679335 0.997552514 -0.065788731 -0.719578147 -0.999201775 0.021498047 -0.033668414 56.256439209
-0.034493066 0.059634067 0.997624159 14.546463966 0.021497307 0.998031497 -0.058915135 -0.758972943 -0.999173701 0.019414071 -0.035707138 56.233753204
-0.035576653 0.054191340 0.997896612 15.236027718 0.022947475 0.998309791 -0.053395659 -0.791270375 -0.999103427 0.020999568 -0.036760069 56.205123901
-0.036112376 0.051320471 0.998029113 15.910463333 0.025275445 0.998407900 -0.050425395 -0.827197611 -0.999027967 0.023404649 -0.037352029 56.178073883
-0.036271229 0.053588670 0.997904181 16.623800278 0.028653011 0.998206437 -0.052563444 -0.866731107 -0.998931110 0.026686419 -0.037741654 56.156646729
-0.034694821 0.061422348 0.997508645 17.336410522 0.029654758 0.997733355 -0.060404751 -0.889443338 -0.998957872 0.027485149 -0.036437649 56.120258331
-0.033155408 0.069178313 0.997053206 18.058238983 0.030474618 0.997207761 -0.068175659 -0.933673561 -0.998985469 0.028124427 -0.035171013 56.103382111
-0.031232100 0.069830619 0.997069836 18.776382446 0.031387702 0.997132957 -0.068851866 -0.968549252 -0.999019206 0.029145341 -0.033334378 56.087127686
-0.028816758 0.065474838 0.997438073 19.516353607 0.030620905 0.997441888 -0.064590424 -1.011135221 -0.999115527 0.028681168 -0.030747941 56.063591003
-0.026482372 0.059085991 0.997901618 20.241846085 0.030299384 0.997840464 -0.058278292 -1.050288200 -0.999189973 0.028692456 -0.028215453 56.045097351
-0.023366207 0.057322554 0.998082280 20.988019943 0.028932121 0.997975469 -0.056639083 -1.097769499 -0.999308169 0.027553199 -0.024977364 56.034202576
-0.020134671 0.062801853 0.997822821 21.761960983 0.035761122 0.997431815 -0.062055625 -1.146012068 -0.999157488 0.034433793 -0.022328828 56.010257721
-0.017283319 0.068232998 0.997519732 22.495523453 0.037408978 0.997014284 -0.067550279 -1.186456800 -0.999150515 0.036148697 -0.019784246 56.000961304
-0.014749338 0.068985298 0.997508585 23.237922668 0.031506743 0.997153878 -0.068494894 -1.227109551 -0.999394655 0.030417992 -0.016880859 56.003551483
-0.011591114 0.065178923 0.997806311 23.999210358 0.027208081 0.997524500 -0.064844444 -1.272915363 -0.999562562 0.026396774 -0.013335814 56.008693695
-0.006604998 0.061352652 0.998094320 24.735910416 0.031038402 0.997647703 -0.061119791 -1.328052282 -0.999496341 0.030575559 -0.008493748 55.988063812
-0.002671554 0.062293876 0.998054266 25.478744507 0.035489041 0.997434914 -0.062160224 -1.375435114 -0.999366581 0.035253920 -0.004875451 55.975437164
-0.000315805 0.067003295 0.997752726 26.214378357 0.035109293 0.997138381 -0.066950925 -1.416893721 -0.999383390 0.035009246 -0.002667340 55.983936310
0.003546309 0.067824475 0.997690976 26.973169327 0.031257272 0.997202218 -0.067902334 -1.460997343 -0.999505103 0.031425890 0.001416380 55.994068146
0.007291915 0.067342751 0.997703254 27.723485947 0.030813066 0.997240841 -0.067536741 -1.506108403 -0.999498606 0.031234754 0.005196759 56.004680634
0.010965154 0.063961133 0.997892141 28.469011307 0.034877889 0.997320473 -0.064307727 -1.554501534 -0.999331474 0.035509512 0.008704944 56.007503510
0.014817365 0.064798802 0.997788250 29.212726593 0.039133240 0.997095764 -0.065334953 -1.600470424 -0.999124110 0.040014789 0.012238544 56.008422852
0.018146016 0.065226488 0.997705460 29.971427917 0.042614248 0.996912539 -0.065949701 -1.658291936 -0.998926759 0.043713197 0.015310412 56.024860382
0.020971769 0.065338224 0.997642696 30.723804474 0.043078169 0.996876419 -0.066193581 -1.701401114 -0.998851538 0.044364821 0.018091613 56.041629791
0.024514666 0.063855655 0.997657955 31.468767166 0.044530842 0.996897578 -0.064901188 -1.746039271 -0.998707116 0.046017583 0.021595068 56.062023163
0.028081501 0.062680356 0.997638583 32.212871552 0.046780672 0.996856153 -0.063947976 -1.793702602 -0.998510420 0.048465956 0.025060989 56.078388214
0.031417079 0.063055821 0.997515321 32.957180023 0.045152511 0.996899664 -0.064438976 -1.838718891 -0.998485923 0.047064811 0.028472545 56.100753784
0.033657867 0.064701654 0.997336864 33.729648590 0.042202167 0.996920228 -0.066098869 -1.885454178 -0.998541951 0.044314522 0.030823661 56.143211365
0.036668655 0.064730696 0.997228861 34.487113953 0.044111326 0.996822476 -0.066326320 -1.927567720 -0.998353362 0.046421178 0.033696786 56.166484833
0.039226964 0.064604700 0.997139633 35.244625092 0.041966639 0.996920705 -0.066241458 -1.973221183 -0.998348653 0.044445053 0.036394931 56.203105927
0.041376859 0.064865917 0.997035742 35.996852875 0.039968897 0.996984124 -0.066521257 -2.019862890 -0.998343825 0.042602856 0.038659453 56.244472504
0.044030607 0.063872203 0.996986210 36.753540039 0.037518535 0.997144341 -0.065539300 -2.079302311 -0.998325467 0.040291201 0.041508485 56.285228729
0.047196608 0.065992318 0.996703267 37.521404266 0.036067646 0.997052014 -0.067723311 -2.124538898 -0.998234272 0.039145052 0.044677284 56.324783325
0.050556336 0.070372544 0.996238828 38.292678833 0.034607526 0.996791899 -0.072167851 -2.167067528 -0.998121440 0.038125902 0.047958724 56.368038177
0.054505341 0.072338089 0.995889723 39.065654755 0.034917016 0.996624231 -0.074302472 -2.220032930 -0.997902811 0.038823370 0.051795509 56.405872345
0.057193380 0.074534997 0.995576859 39.837715149 0.029070787 0.996662021 -0.076286286 -2.270370483 -0.997939765 0.033305276 0.054835673 56.464107513
0.059952810 0.073735796 0.995474041 40.617458344 0.025058033 0.996842563 -0.075346276 -2.324810266 -0.997886658 0.029461840 0.057915833 56.524364471
0.063125663 0.074376300 0.995230258 41.374485016 0.027632238 0.996706605 -0.076239288 -2.374320030 -0.997623026 0.032313094 0.060862575 56.584491730
0.066789538 0.075257435 0.994924843 42.168926239 0.026382213 0.996669531 -0.077160478 -2.440878630 -0.997418225 0.031401824 0.064581648 56.639926910
0.070703350 0.076811977 0.994535506 42.955173492 0.022752903 0.996647120 -0.078592613 -2.486950397 -0.997237861 0.028185334 0.068718605 56.706089020
0.074965477 0.074360013 0.994409800 43.745254517 0.021820413 0.996854663 -0.076187812 -2.544177532 -0.996947348 0.027409885 0.073107116 56.769596100
0.079242833 0.074190594 0.994090676 44.548664093 0.021580428 0.996865153 -0.076117925 -2.611924171 -0.996621668 0.027484702 0.077393368 56.849891663
0.084403269 0.077743717 0.993394196 45.329124451 0.018440390 0.996659040 -0.079566002 -2.667974234 -0.996261001 0.025034212 0.082687661 56.916400909
0.090127684 0.086543493 0.992162943 46.116695404 0.016297299 0.995955765 -0.088354774 -2.725954294 -0.995796800 0.024132792 0.088352762 57.000122070
0.097240202 0.091108285 0.991082072 46.916400909 0.015122234 0.995551109 -0.093002826 -2.790315151 -0.995146036 0.024030991 0.095429838 57.088336945
0.104547814 0.094874702 0.989984095 47.718627930 0.010030926 0.995288014 -0.096442319 -2.848957539 -0.994469285 0.020013291 0.103103504 57.183620453
0.111997500 0.092327639 0.989409924 48.533557892 0.007181803 0.995573103 -0.093715712 -2.923752785 -0.993682563 0.017601673 0.110838607 57.286830902
0.119296685 0.090931684 0.988685787 49.341056824 0.007186770 0.995692015 -0.092443220 -2.989928484 -0.992832601 0.018133627 0.118129246 57.395645142
0.127075508 0.087393723 0.988035440 50.168498993 0.006551091 0.996015191 -0.088942111 -3.059379578 -0.991871417 0.017775074 0.125996590 57.502891541
0.134155333 0.081423201 0.987609506 50.979534149 0.004876480 0.996552348 -0.082822897 -3.131387234 -0.990948319 0.015927190 0.133295745 57.628459930
0.141821787 0.074913010 0.987053514 51.794105530 0.001995230 0.997108698 -0.075962834 -3.180942774 -0.989890218 0.012742585 0.141262248 57.742202759
0.148990303 0.071652964 0.986239195 52.592464447 0.001377454 0.997355163 -0.072668664 -3.257374287 -0.988837719 0.012185426 0.148497581 57.870018005
0.155962721 0.073381715 0.985033393 53.395565033 0.001192975 0.997221887 -0.074478604 -3.317520142 -0.987762213 0.012791008 0.155441910 58.009441376
0.161753938 0.079805553 0.983598888 54.178886414 0.001542360 0.996702909 -0.081122413 -3.377825499 -0.986829937 0.014638937 0.161097541 58.138095856
0.167220995 0.083936371 0.982339919 54.956661224 0.000317592 0.996364653 -0.085188791 -3.426954746 -0.985919416 0.014557337 0.166586444 58.270858765
0.172106683 0.086499557 0.981273174 55.726821899 -0.000794707 0.996149063 -0.087671496 -3.494780779 -0.985078037 0.014309024 0.171512648 58.418918610
0.177170679 0.086213961 0.980396688 56.514110565 -0.003828251 0.996208549 -0.086912617 -3.565649986 -0.984172702 0.011645164 0.176828995 58.571025848
0.182625070 0.083202295 0.979655802 57.283580780 0.000144311 0.996410608 -0.084652178 -3.629615784 -0.983182669 0.015600988 0.181957528 58.712001801
0.186829343 0.076972142 0.979372263 58.042221069 0.000864864 0.996912539 -0.078515671 -3.683007956 -0.982392073 0.015516057 0.186185956 58.863407135
0.190544680 0.070700146 0.979129255 58.796161652 -0.000621622 0.997411788 -0.071899287 -3.740631819 -0.981678367 0.013091382 0.190095440 59.012630463
0.193416223 0.067113936 0.978818536 59.530750275 -0.004520460 0.997707963 -0.067515872 -3.801803350 -0.981106341 0.008633954 0.193276271 59.169918060
0.196681410 0.067332640 0.978152692 60.264453888 -0.006085580 0.997703791 -0.067454815 -3.850468874 -0.980448544 0.007314481 0.196639553 59.324337006
0.198694557 0.069445223 0.977598011 60.980384827 -0.008015331 0.997568130 -0.069234759 -3.899043322 -0.980028749 0.005920794 0.198768005 59.476860046
0.200614214 0.073993593 0.976871908 61.680042267 -0.012377623 0.997255385 -0.072995640 -3.950249672 -0.979592144 0.002552610 0.200979501 59.625862122
0.202325255 0.078158997 0.976194441 62.374523163 -0.013163513 0.996937215 -0.077091500 -3.999182224 -0.979229987 0.002747409 0.202734426 59.785366058
0.203917816 0.083278582 0.975439489 63.056442261 -0.013987035 0.996521533 -0.082154445 -4.055211067 -0.978888094 0.003109252 0.204373330 59.943283081
0.205461204 0.085439116 0.974928617 63.732112885 -0.013376297 0.996334076 -0.084496021 -4.107798100 -0.978573859 0.004319719 0.205850855 60.087314606
0.207251608 0.084900506 0.974596620 64.425491333 -0.015049556 0.996385813 -0.083598308 -4.166072845 -0.978171825 0.002658636 0.207780331 60.243331909
0.207573265 0.081756040 0.974797010 65.087280273 -0.014931325 0.996650040 -0.080409370 -4.222586632 -0.978105545 0.002135825 0.208098650 60.390472412
0.208499581 0.079359770 0.974797428 65.746849060 -0.014898343 0.996844530 -0.077968061 -4.275675297 -0.977908969 0.001733442 0.209024012 60.533164978
0.208300650 0.078156471 0.974937141 66.393257141 -0.013823026 0.996937811 -0.076966807 -4.324897766 -0.977967083 0.002555656 0.208743185 60.671306610
0.206432238 0.076965168 0.975429237 67.025947571 -0.013879864 0.997031569 -0.075732246 -4.377374172 -0.978362501 0.002094754 0.206887722 60.816184998
0.205267385 0.077953041 0.975596488 67.641052246 -0.015057403 0.996956468 -0.076491646 -4.426411152 -0.978590071 0.001011291 0.205816403 60.944324493
0.202983066 0.080816664 0.975841463 68.251098633 -0.015892865 0.996728778 -0.079240635 -4.475936413 -0.979053259 0.000575593 0.203603461 61.076313019
0.200638786 0.084302396 0.976031303 68.842597961 -0.013669433 0.996434510 -0.083254695 -4.527748108 -0.979569912 0.003362325 0.201075748 61.198844910
0.199103490 0.084886335 0.976295114 69.451652527 -0.011551439 0.996375442 -0.084276490 -4.576652050 -0.979910374 0.005502131 0.199362367 61.327747345
0.196849480 0.084212877 0.976810336 70.033836365 -0.012025663 0.996436775 -0.083481468 -4.614614010 -0.980359972 0.004686492 0.197160780 61.441982269
0.194417804 0.081403755 0.977535248 70.621810913 -0.012467547 0.996675134 -0.080518007 -4.661413670 -0.980839610 0.003466665 0.194786310 61.560665131
0.192225441 0.077110350 0.978316605 71.197395325 -0.011711775 0.997017443 -0.076283142 -4.712349892 -0.981280863 0.003205737 0.192555219 61.678794861
0.190614790 0.076131850 0.978708327 71.757202148 -0.008586830 0.997079253 -0.075888515 -4.763629436 -0.981627345 0.006061471 0.190711781 61.779811859
0.188701719 0.077971734 0.978934169 72.307701111 -0.004711328 0.996903419 -0.078494810 -4.799593449 -0.982023060 0.010200027 0.188484758 61.882785797
0.186393172 0.079886705 0.979221940 72.860641479 -0.000457894 0.996695697 -0.081225075 -4.840976238 -0.982475162 0.014691421 0.185813844 61.984195709
0.184431583 0.081875153 0.979429126 73.402297974 -0.001062974 0.996540248 -0.083105378 -4.879475117 -0.982844770 0.014286150 0.183880523 62.087638855
0.183121368 0.084430076 0.979458153 73.939765930 -0.001705277 0.996331036 -0.085565731 -4.924952507 -0.983088791 0.013998664 0.182593480 62.185386658
0.182172939 0.082583576 0.979792297 74.494323730 0.000328968 0.996461511 -0.084049746 -4.974706650 -0.983266413 0.015633911 0.181501165 62.285209656
0.182760909 0.081755653 0.979752243 75.040176392 0.006249171 0.996419847 -0.084312186 -5.004285812 -0.983137488 0.021531612 0.181595683 62.384838104
0.185080379 0.079522520 0.979500711 75.581008911 0.011166835 0.996486008 -0.083011545 -5.047151089 -0.982659936 0.026301725 0.183541998 62.473899841
0.187158719 0.078706093 0.979171634 76.136550903 0.013841315 0.996474922 -0.082742557 -5.092948914 -0.982232153 0.029039020 0.185409576 62.579090118
0.190583155 0.078408122 0.978534758 76.693313599 0.011393632 0.996561348 -0.082071625 -5.137135506 -0.981604934 0.026790533 0.189034432 62.690689087
0.195893839 0.079089001 0.977430642 77.244544983 0.010211539 0.996523738 -0.082680486 -5.180701733 -0.980571926 0.026177671 0.194405258 62.811012268
0.202256337 0.078040957 0.976218224 77.815773010 0.011500916 0.996561825 -0.082050063 -5.223062992 -0.979265094 0.027822549 0.200663403 62.940933228
0.209956229 0.078239359 0.974575281 78.383964539 0.009368869 0.996586263 -0.082024775 -5.265491009 -0.977665842 0.026352284 0.208506510 63.069492340
0.217941687 0.076554701 0.972954631 78.950782776 0.009855079 0.996695280 -0.080630220 -5.303116798 -0.975912035 0.027161233 0.216467038 63.217872620
0.226979837 0.076169543 0.970916271 79.513031006 0.006172196 0.996804237 -0.079643451 -5.346729279 -0.973879814 0.024070136 0.225784332 63.341579437
0.236499235 0.075942926 0.968659282 80.092658997 0.005176409 0.996828139 -0.079415202 -5.389577866 -0.971617818 0.023795810 0.235355958 63.492164612
0.245932370 0.079784147 0.965997815 80.678581238 -0.000368531 0.996614218 -0.082219020 -5.433577061 -0.969286859 0.019864319 0.245129108 63.659954071
0.255256355 0.082008652 0.963389277 81.287773132 -0.003904262 0.996475756 -0.083790697 -5.479483128 -0.966865480 0.017626785 0.254676968 63.845188141
0.266567081 0.084549114 0.960100710 81.882369995 -0.007662343 0.996299386 -0.085609458 -5.523307800 -0.963785887 0.015464044 0.266228467 64.014266968
0.276468396 0.086595416 0.957113624 82.488052368 -0.009328468 0.996127069 -0.087430574 -5.572462082 -0.960977733 0.015243391 0.276205480 64.205955505
0.286198944 0.087449506 0.954171240 83.109802246 -0.012282268 0.996079504 -0.087606378 -5.619684696 -0.958091497 0.013353465 0.286150962 64.408126831
0.296434253 0.087597117 0.951027572 83.737915039 -0.013207603 0.996065617 -0.087628677 -5.673534870 -0.954961956 0.013415345 0.296424896 64.611000061
0.306626827 0.088550456 0.947701871 84.383087158 -0.017150354 0.996015549 -0.087515771 -5.719164371 -0.951675296 0.010581258 0.306923687 64.836242676
0.317299187 0.084312320 0.944570065 85.022033691 -0.017261138 0.996388435 -0.083139293 -5.759387970 -0.948168337 0.010075673 0.317608595 65.053810120
0.327997476 0.077069014 0.941529632 85.682044983 -0.013400120 0.996945977 -0.076936983 -5.810276985 -0.944583595 0.012618523 0.328028470 65.286125183
0.338729501 0.072886243 0.938056409 86.350212097 -0.012065312 0.997249603 -0.073128738 -5.859431267 -0.940806508 0.013452916 0.338677227 65.535072327
0.349378556 0.069739461 0.934382617 87.032554626 -0.012872513 0.997489393 -0.069636345 -5.904789925 -0.936893225 0.012301589 0.349399120 65.792091370
0.358588398 0.067130022 0.931078851 87.722045898 -0.006086847 0.997557938 -0.069578856 -5.945192814 -0.933475912 0.019282833 0.358121276 66.063400269
0.367357820 0.061822623 0.928022742 88.421241760 0.000146736 0.997784555 -0.066528074 -5.986330032 -0.930079639 0.024575787 0.366534948 66.332778931
0.374330372 0.052657861 0.925799131 89.137756348 0.009534740 0.998115003 -0.060626280 -6.026140213 -0.927246392 0.031521510 0.373122692 66.613174438
0.381303012 0.047975037 0.923204362 89.847938538 0.015071559 0.998197317 -0.058096960 -6.069672585 -0.924327254 0.036066681 0.379892498 66.904541016
0.388507038 0.047683541 0.920211136 90.554656982 0.017065614 0.998116612 -0.058925427 -6.119513512 -0.921287715 0.038596913 0.386961520 67.206733704
0.396145374 0.054289632 0.916581333 91.273994446 0.019376680 0.997533858 -0.067459069 -6.155201435 -0.917983294 0.044483908 0.394116521 67.513977051
0.403254241 0.058517486 0.913215041 91.978385925 0.023546645 0.996959388 -0.074281327 -6.196343899 -0.914784908 0.051457424 0.400650203 67.822540283
0.408439845 0.060801484 0.910758018 92.686500549 0.021416225 0.996866047 -0.076154336 -6.245987415 -0.912534058 0.050609462 0.405857623 68.148101807
0.413046956 0.061951570 0.908600152 93.391670227 0.014525784 0.997108459 -0.074589752 -6.307932377 -0.910593867 0.044007204 0.410952717 68.483367920
0.416955501 0.065681055 0.906550646 94.078895569 0.007847219 0.997088313 -0.075849868 -6.364533901 -0.908893049 0.038739920 0.415226042 68.819725037
0.420779914 0.068986692 0.904535830 94.758361816 0.006883609 0.996832788 -0.079228118 -6.421592236 -0.907136619 0.039564073 0.418972254 69.150077820
0.425121009 0.073131405 0.902177274 95.437118530 0.003859445 0.996575117 -0.082602024 -6.476996899 -0.905128300 0.038597751 0.423382759 69.467163086
0.428605616 0.076033480 0.900286734 96.095870972 0.000941835 0.996414483 -0.084600322 -6.534475803 -0.903491199 0.037108090 0.426997215 69.787101746
0.432542175 0.074623771 0.898520172 96.759475708 -0.000287463 0.996580303 -0.082629465 -6.591351986 -0.901613593 0.035482440 0.431084454 70.118881226
0.436482430 0.071666270 0.896853983 97.409973145 0.000296376 0.996810973 -0.079797938 -6.654382706 -0.899712682 0.035096202 0.435069293 70.441886902
0.440157980 0.068608321 0.895295501 98.054756165 0.000509161 0.997057319 -0.076656893 -6.707022190 -0.897920132 0.034196988 0.438827813 70.753646851
0.443521440 0.067574508 0.893712699 98.682304382 -0.000293866 0.997164607 -0.075250782 -6.761311054 -0.896263659 0.033112701 0.442283690 71.077827454
0.447075576 0.069635890 0.891781509 99.299736023 -0.002906364 0.997072935 -0.076400675 -6.813240528 -0.894491434 0.031565033 0.445969403 71.391967773
0.449681699 0.070237257 0.890422940 99.911003113 -0.002264305 0.996989787 -0.077499814 -6.868494987 -0.893185973 0.032834057 0.448487073 71.706993103
0.451731116 0.068265766 0.889538467 100.505409241 0.000194039 0.997060597 -0.076615870 -6.916410923 -0.892154098 0.034782380 0.450390100 72.014228821
0.453626096 0.067202806 0.888654709 101.102363586 0.001457956 0.997095466 -0.076147646 -6.974467754 -0.891190946 0.035838179 0.452210486 72.309204102
0.455631107 0.066991314 0.887644351 101.687622070 0.000594394 0.997141063 -0.075560227 -7.019869328 -0.890168488 0.034955204 0.454288632 72.612396240
0.457508743 0.065976217 0.886754215 102.258766174 0.002226839 0.997155428 -0.075339206 -7.071958065 -0.889202416 0.036442999 0.456060439 72.910362244
0.460323632 0.067823268 0.885156631 102.823104858 0.001538041 0.997014880 -0.077194028 -7.118805885 -0.887749910 0.036895640 0.458845168 73.202964783
0.462722033 0.067880534 0.883900821 103.373764038 0.004279252 0.996881425 -0.078797258 -7.169102192 -0.886493206 0.040243652 0.460988522 73.494468689
0.465792716 0.067565076 0.882310688 103.923881531 0.005671208 0.996832371 -0.079328820 -7.215531349 -0.884875715 0.041954555 0.463934094 73.789230347
0.469042838 0.065664180 0.880730867 104.459434509 0.008825937 0.996833920 -0.079020754 -7.261810780 -0.883131325 0.044837404 0.466978282 74.073776245
0.472448230 0.064719945 0.878978908 104.990921021 0.010286202 0.996827364 -0.078926027 -7.306962490 -0.881298482 0.046329819 0.470283598 74.357582092
0.475330800 0.064293161 0.877454817 105.505828857 0.011497777 0.996787310 -0.079265438 -7.350841999 -0.879732013 0.047766086 0.473064482 74.645469666
0.478963315 0.063298397 0.875549853 106.021240234 0.011850230 0.996839702 -0.078549705 -7.402595043 -0.877754986 0.047997896 0.476699561 74.930068970
0.482385069 0.062804013 0.873704851 106.520545959 0.013385310 0.996781468 -0.079041272 -7.445169926 -0.875856996 0.049823139 0.479991853 75.201354980
0.485958576 0.064153410 0.871624112 107.028434753 0.013207017 0.996649444 -0.080718882 -7.489185810 -0.873882055 0.050737593 0.483483106 75.497169495
0.490511447 0.064139344 0.869071126 107.522743225 0.015257701 0.996502697 -0.082155652 -7.536218643 -0.871301115 0.053558312 0.487817347 75.769752502
0.495749116 0.067472525 0.865840733 108.018150330 0.013284996 0.996271551 -0.085243136 -7.581025600 -0.868364155 0.053761899 0.493004352 76.053520203
0.500941813 0.073101722 0.862388194 108.503150940 0.009654974 0.995892525 -0.090026774 -7.631846905 -0.865427136 0.053424515 0.498178363 76.350662231
0.506865025 0.080407076 0.858267188 108.985527039 0.004487298 0.995380580 -0.095902659 -7.677353382 -0.862013817 0.052461006 0.504162848 76.646919250
0.512763679 0.086826116 0.854128003 109.458900452 -0.001261945 0.994947970 -0.100383542 -7.729673862 -0.858528852 0.050395165 0.510282755 76.938789368
0.518925846 0.091806784 0.849874973 109.938201904 -0.004978875 0.994523704 -0.104392238 -7.774620056 -0.854804754 0.049940411 0.516541123 77.252014160
0.524654627 0.091647297 0.846367776 110.423812866 -0.008637642 0.994710386 -0.102355890 -7.827288151 -0.851271272 0.046390872 0.522670925 77.561134338
0.530047357 0.091044717 0.843066275 110.916191101 -0.015787045 0.995106518 -0.097538367 -7.881019115 -0.847821116 0.038390432 0.528890848 77.888305664
0.535398722 0.088458955 0.839954317 111.419059753 -0.022212397 0.995630920 -0.090695374 -7.940387726 -0.844307303 0.029900797 0.535024405 78.244285583
0.541416109 0.086673304 0.836275220 111.924804688 -0.028441004 0.995990813 -0.084813453 -7.992152214 -0.840273559 0.022134867 0.541710615 78.589698792
0.547555447 0.084982283 0.832442880 112.434577942 -0.030942520 0.996205330 -0.081347413 -8.035041809 -0.836197138 0.018784335 0.548107266 78.938453674
0.553787827 0.088495739 0.827941835 112.941192627 -0.036142945 0.995953739 -0.082278915 -8.082312584 -0.831873059 0.015640795 0.554745495 79.297447205
0.559649348 0.092468150 0.823554635 113.456268311 -0.040404830 0.995618343 -0.084330104 -8.131211281 -0.827743948 0.013919706 0.560933352 79.664344788
0.566237092 0.095732711 0.818664074 113.983016968 -0.042967379 0.995310009 -0.086670488 -8.175758362 -0.823121786 0.013900188 0.567694843 80.036743164
0.572557271 0.097888589 0.814000010 114.514350891 -0.045270979 0.995106637 -0.087824777 -8.222552299 -0.818613887 0.013434136 0.574187219 80.420814514
