1.000000000 0.000000000 0.000000000 0.000000000 0.000000000 1.000000000 0.000000000 0.000000000 0.000000000 0.000000000 1.000000000 0.000000000
0.999998689 0.000718898 0.001452614 -0.006335879 -0.000712314 0.999989510 -0.004527603 -0.002712455 -0.001455854 0.004526562 0.999988675 0.964898765
0.999996722 -0.001395514 0.002139251 -0.002180976 0.001406967 0.999984622 -0.005361586 -0.000523692 -0.002131736 0.005364579 0.999983311 1.918939829
0.999993801 -0.002308643 0.002704610 -0.009060684 0.002312120 0.999996483 -0.001283101 -0.004025729 -0.002701638 0.001289346 0.999995530 2.859529972
0.999986529 -0.004733129 0.002138733 -0.007270411 0.004722526 0.999976695 0.004936239 -0.007760058 -0.002162047 -0.004926072 0.999985456 3.807040215
0.999964654 -0.008380648 0.000569175 -0.004050778 0.008377737 0.999952734 0.004938376 -0.004987631 -0.000610535 -0.004933433 0.999987602 4.743663311
0.999939144 -0.011033027 -0.000166471 -0.005405497 0.011033339 0.999937117 0.002003921 -0.000736855 0.000144351 -0.002005636 0.999997973 5.675470352
0.999930382 -0.011745572 -0.001138881 -0.008651943 0.011743627 0.999929547 -0.001701055 0.006254335 0.001158781 0.001687563 0.999997973 6.605186939
0.999937236 -0.011095954 -0.001559922 -0.015672501 0.011093071 0.999936759 -0.001844699 -0.001514757 0.001580292 0.001827279 0.999997079 7.530229568
0.999935269 -0.011023713 -0.002821395 -0.022624440 0.011023839 0.999939203 0.000030105 -0.001200823 0.002820891 -0.000061205 0.999996006 8.443885803
0.999939263 -0.010566240 -0.003106367 -0.034113463 0.010574403 0.999940574 0.002622990 0.004047891 0.003078468 -0.002655679 0.999991715 9.384159088
0.999933839 -0.010823569 -0.003887786 -0.044321198 0.010840098 0.999932110 0.004255736 0.005265451 0.003841461 -0.004297598 0.999983311 10.306630135
0.999917150 -0.012002580 -0.004651521 -0.048159551 0.012025925 0.999915063 0.005024110 0.007364720 0.004590824 -0.005079634 0.999976575 11.218264580
0.999909222 -0.012247895 -0.005610420 -0.055094834 0.012276922 0.999911249 0.005168344 0.008886051 0.005546621 -0.005236753 0.999970913 12.132780075
0.999900401 -0.012726073 -0.006107137 -0.066677094 0.012747639 0.999912500 0.003505046 0.014735913 0.006061998 -0.003582548 0.999975264 13.031953812
0.999884129 -0.013329870 -0.007343064 -0.077776879 0.013341960 0.999909699 0.001600051 0.020102518 0.007321072 -0.001697836 0.999971688 13.940875053
0.999852061 -0.014627442 -0.009047581 -0.086523242 0.014627640 0.999892950 -0.000044273 0.028503720 0.009047261 -0.000088078 0.999959052 14.847467422
0.999843657 -0.014198239 -0.010534056 -0.105389804 0.014192978 0.999899089 -0.000573987 0.027068567 0.010541144 0.000424388 0.999944329 15.756442070
0.999839962 -0.013235209 -0.012031012 -0.120520577 0.013217792 0.999911427 -0.001525980 0.028066177 0.012050144 0.001366712 0.999926448 16.654956818
0.999832928 -0.012189492 -0.013621116 -0.137396291 0.012171914 0.999924958 -0.001372493 0.027918151 0.013636825 0.001206468 0.999906301 17.531478882
0.999800980 -0.012727436 -0.015363795 -0.151933968 0.012716577 0.999918759 -0.000804199 0.030706184 0.015372784 0.000608664 0.999881685 18.425041199
0.999781609 -0.012409203 -0.016813165 -0.172356322 0.012424311 0.999922514 0.000794521 0.027563173 0.016802002 -0.001003240 0.999858320 19.316602707
0.999757230 -0.012080227 -0.018426292 -0.191146925 0.012107155 0.999925792 0.001350533 0.028840365 0.018408610 -0.001573295 0.999829352 20.195480347
0.999721229 -0.013023134 -0.019690687 -0.213379174 0.013061732 0.999913037 0.001832907 0.022468884 0.019665103 -0.002089591 0.999804378 21.080999374
0.999682784 -0.012904507 -0.021628963 -0.234321982 0.012928256 0.999916017 0.000958517 0.028297469 0.021614777 -0.001237837 0.999765575 21.952930450
0.999651134 -0.013029692 -0.022975741 -0.253490865 0.013069318 0.999913394 0.001575227 0.028414097 0.022953223 -0.001874955 0.999734759 22.819049835
0.999645174 -0.012980181 -0.023260169 -0.287714124 0.013059533 0.999909461 0.003262793 0.032609545 0.023215707 -0.003565402 0.999724150 23.669746399
0.999609888 -0.013813606 -0.024275070 -0.305375814 0.013962828 0.999884605 0.005988413 0.036982425 0.024189547 -0.006325026 0.999687374 24.507421494
0.999583185 -0.014114853 -0.025185468 -0.325219482 0.014313940 0.999867618 0.007742096 0.038943980 0.025072854 -0.008099372 0.999652803 25.348873138
0.999584734 -0.013286487 -0.025570514 -0.357290357 0.013453036 0.999889314 0.006352316 0.042474080 0.025483282 -0.006693679 0.999652863 26.172918320
0.999595702 -0.011238678 -0.026116434 -0.385825485 0.011344920 0.999927878 0.003923441 0.043669138 0.026070457 -0.004218143 0.999651194 26.991426468
0.999579132 -0.010727768 -0.026952976 -0.410534948 0.010785421 0.999939859 0.001994612 0.049751833 0.026929958 -0.002284472 0.999634683 27.792554855
0.999572933 -0.009595747 -0.027598970 -0.441742331 0.009647395 0.999951959 0.001738787 0.052147299 0.027580956 -0.002004303 0.999617517 28.587409973
0.999517918 -0.010496547 -0.029216789 -0.463606626 0.010544061 0.999943316 0.001472591 0.046703685 0.029199678 -0.001779945 0.999572039 29.382661819
0.999441922 -0.010705459 -0.031638399 -0.488343418 0.010727123 0.999942303 0.000515076 0.046912391 0.031631060 -0.000854177 0.999499321 30.159641266
0.999394476 -0.010007119 -0.033323061 -0.520619512 0.010025762 0.999949634 0.000392319 0.048776865 0.033317465 -0.000726170 0.999444544 30.925216675
0.999332070 -0.010091471 -0.035122853 -0.548309565 0.010152654 0.999947190 0.001564009 0.049581762 0.035105225 -0.001919555 0.999381781 31.690155029
0.999251366 -0.010331212 -0.037283067 -0.578097343 0.010484952 0.999937296 0.003930427 0.051282328 0.037240125 -0.004318397 0.999297023 32.442440033
0.999194205 -0.009235426 -0.039059237 -0.613567948 0.009453566 0.999940693 0.005403826 0.053376257 0.039007012 -0.005768721 0.999222338 33.191444397
0.999128044 -0.008148980 -0.040948730 -0.647131920 0.008386559 0.999948978 0.005633430 0.053948544 0.040900737 -0.005971937 0.999145329 33.906394958
0.999073684 -0.005740028 -0.042648442 -0.688801110 0.005959530 0.999969721 0.005021423 0.053571090 0.042618331 -0.005270937 0.999077499 34.613105774
0.998990715 -0.003633263 -0.044770543 -0.719445884 0.003828636 0.999983549 0.004278890 0.059620570 0.044754252 -0.004445982 0.998988152 35.332008362
0.998911083 -0.003521781 -0.046521705 -0.749835968 0.003766132 0.999979556 0.005165791 0.062302087 0.046502560 -0.005335373 0.998903871 36.041294098
0.998881876 -0.001961871 -0.047234237 -0.797017753 0.002303792 0.999971569 0.007185502 0.063963354 0.047218792 -0.007286286 0.998858035 36.722286224
0.998865604 0.000861343 -0.047611013 -0.831780553 -0.000499904 0.999970973 0.007602882 0.068462089 0.047616180 -0.007570456 0.998837054 37.409214020
0.998902917 0.003275941 -0.046714343 -0.860984027 -0.003021266 0.999980211 0.005521313 0.070185348 0.046731513 -0.005374121 0.998893023 38.078842163
0.998981953 0.005144114 -0.044818144 -0.899658442 -0.005036345 0.999984145 0.002517159 0.071755812 0.044830386 -0.002288877 0.998992026 38.720108032
0.999063313 0.005489814 -0.042923667 -0.925439298 -0.005473644 0.999984980 0.000494244 0.079971857 0.042925730 -0.000258832 0.999078274 39.375591278
0.999193788 0.006333469 -0.039644767 -0.956851542 -0.006279212 0.999979198 0.001492923 0.078024969 0.039653394 -0.001242782 0.999212742 40.012081146
0.999264657 0.011151852 -0.036684927 -0.986137331 -0.011015072 0.999931633 0.003928561 0.081423998 0.036726229 -0.003521585 0.999319136 40.656192780
0.999339640 0.015355024 -0.032930247 -1.012598038 -0.015122402 0.999859035 0.007301619 0.083657503 0.033037722 -0.006798813 0.999430954 41.280464172
0.999388814 0.020589314 -0.028249081 -1.042382956 -0.020361355 0.999757946 0.008333737 0.086705297 0.028413830 -0.007753454 0.999566138 41.882728577
0.999442399 0.024248149 -0.022952735 -1.062473297 -0.024057457 0.999674022 0.008548056 0.092427544 0.023152525 -0.007991103 0.999699950 42.470085144
0.999454618 0.028379478 -0.016885886 -1.081606030 -0.028203130 0.999546111 0.010591638 0.094881319 0.017178811 -0.010109625 0.999801278 43.041507721
0.999397397 0.032970335 -0.010854510 -1.087621331 -0.032841884 0.999390841 0.011806733 0.094325624 0.011237169 -0.011443133 0.999871373 43.596282959
0.999326169 0.036530271 -0.003580790 -1.096370697 -0.036486782 0.999267578 0.011537868 0.097383820 0.003999648 -0.011399441 0.999927044 44.128574371
0.999197125 0.039886151 0.003782254 -1.100804687 -0.039927784 0.999134541 0.011658766 0.097389862 -0.003313957 -0.011800422 0.999924839 44.631549835
0.998975754 0.043947864 0.010771858 -1.092070580 -0.044067025 0.998967111 0.011086406 0.102600470 -0.010273506 -0.011549735 0.999880493 45.133781433
0.998680890 0.047846247 0.018634593 -1.089034081 -0.048001930 0.998815238 0.007998494 0.110994235 -0.018229816 -0.008882441 0.999794304 45.601821899
0.998365700 0.050567798 0.026624087 -1.078936815 -0.050730497 0.998697400 0.005471285 0.106485464 -0.026312735 -0.006812996 0.999630511 46.048862457
0.998110592 0.050920662 0.034384131 -1.061773777 -0.051123105 0.998679638 0.005033879 0.111250386 -0.034082405 -0.006782191 0.999395967 46.478454590
0.997849464 0.049940478 0.042456053 -1.038572073 -0.050255831 0.998715997 0.006392600 0.111985892 -0.042082295 -0.008512517 0.999077857 46.874229431
0.997374892 0.052017067 0.050375201 -1.015925169 -0.052444804 0.998597860 0.007205850 0.114099339 -0.049929742 -0.009828851 0.998704374 47.262916565
0.996707022 0.055279087 0.059323762 -1.006754041 -0.055828825 0.998411179 0.007648510 0.109881222 -0.058806699 -0.010935302 0.998209476 47.617954254
0.995890617 0.060318269 0.067554653 -0.975339830 -0.060909394 0.998120666 0.006723279 0.116324641 -0.067022160 -0.010810363 0.997692943 47.943710327
0.994990408 0.063932046 0.076856762 -0.958517432 -0.064662099 0.997882307 0.007045354 0.110939950 -0.076243609 -0.011979778 0.997017264 48.244014740
0.994262636 0.063214310 0.086288676 -0.929830074 -0.064120062 0.997912049 0.007762973 0.109077215 -0.085617781 -0.013251269 0.996239960 48.526283264
0.993370950 0.061911732 0.096855529 -0.890393853 -0.062767074 0.998011291 0.005806259 0.110136047 -0.096303441 -0.011847109 0.995281577 48.805118561
0.992228925 0.060595181 0.108673893 -0.856407881 -0.061119765 0.998129308 0.001499739 0.105077066 -0.108379729 -0.008130207 0.994076252 49.062713623
0.990631759 0.061569095 0.121892683 -0.813732266 -0.061691105 0.998091400 -0.002776292 0.108355530 -0.121830970 -0.004769410 0.992539346 49.330024719
0.988494396 0.063046724 0.137491494 -0.774305463 -0.062952325 0.998003721 -0.005039223 0.106986254 -0.137534738 -0.003674165 0.990490079 49.590049744
0.986004412 0.064891689 0.153571963 -0.725844443 -0.064681597 0.997885644 -0.006369201 0.105446577 -0.153660536 -0.003653219 0.988116920 49.848960876
0.983194530 0.065422550 0.170436248 -0.670474529 -0.065075725 0.997851193 -0.007626751 0.105849952 -0.170568973 -0.003592683 0.985339165 50.109260559
0.979942083 0.064281046 0.188630238 -0.611841202 -0.063728601 0.997926652 -0.008998823 0.108025372 -0.188817605 -0.003202813 0.982006907 50.367187500
0.976021171 0.063693561 0.208148345 -0.547573149 -0.063160278 0.997960985 -0.009214157 0.103160553 -0.208310783 -0.004153494 0.978053868 50.615856171
0.971560717 0.063642211 0.228077367 -0.469297409 -0.062956862 0.997963250 -0.010286814 0.098874338 -0.228267506 -0.004364768 0.973588705 50.846820831
0.966246009 0.065972410 0.249030679 -0.390624344 -0.064853370 0.997814059 -0.012704824 0.098946474 -0.249324471 -0.003874492 0.968412220 51.086494446
0.959991574 0.067416012 0.271793216 -0.311351180 -0.065954909 0.997716963 -0.014518246 0.084554896 -0.272151440 -0.003988700 0.962246180 51.314220428
0.952664554 0.068658739 0.296169639 -0.218403250 -0.067032993 0.997627974 -0.015652942 0.078399740 -0.296541840 -0.004941136 0.955007076 51.557106018
0.944110811 0.071423784 0.321797192 -0.123682909 -0.069876768 0.997421205 -0.016371094 0.067930661 -0.322136611 -0.007030021 0.946667075 51.790023804
0.934172511 0.073531158 0.349163175 -0.015735777 -0.071884774 0.997256041 -0.017689753 0.065567687 -0.349505872 -0.008574232 0.936895013 52.031261444
0.923018992 0.074212193 0.377529502 0.106797799 -0.072395422 0.997194588 -0.019022752 0.055810820 -0.377882153 -0.009773044 0.925802171 52.274726868
0.910405576 0.072333597 0.407344580 0.245505825 -0.069783725 0.997338176 -0.021135841 0.045017783 -0.407789111 -0.009183831 0.913029969 52.498806000
0.895539880 0.069610395 0.439502776 0.389006704 -0.065811194 0.997545898 -0.023897473 0.038275477 -0.440087706 -0.007523066 0.897923291 52.724182129
0.878145635 0.068957373 0.473397404 0.543430626 -0.063158147 0.997606218 -0.028158689 0.028991953 -0.474205941 -0.005171471 0.880398750 52.942226410
0.858636200 0.070716821 0.507683814 0.712632537 -0.062529325 0.997491121 -0.033188876 0.020525927 -0.508757174 -0.003247961 0.860903919 53.171405792
0.836902380 0.072661810 0.542507827 0.901974976 -0.062045712 0.997354746 -0.037867468 0.014508916 -0.543824315 -0.001968909 0.839196861 53.399051666
0.812327802 0.075565279 0.578284800 1.099790454 -0.063125975 0.997137189 -0.041623034 0.004963043 -0.579774559 -0.002693242 0.814772546 53.622997284
0.784958482 0.079378940 0.614442110 1.306473255 -0.066037841 0.996828139 -0.044414595 -0.011496725 -0.616018772 -0.005712821 0.787710786 53.848648071
0.755059123 0.083387271 0.650332510 1.526580215 -0.069204502 0.996474683 -0.047421649 -0.026643695 -0.651994407 -0.009199792 0.758167982 54.070831299
0.721901894 0.084620848 0.686801970 1.781119823 -0.069092676 0.996349514 -0.050136458 -0.042227354 -0.688537538 -0.011259388 0.725113273 54.296676636
0.685272336 0.082090765 0.723645627 2.065663576 -0.065380149 0.996549308 -0.051135939 -0.060194269 -0.725346327 -0.012270008 0.688274801 54.524654388
0.646096110 0.080418706 0.759007573 2.365994453 -0.062446848 0.996669531 -0.052442439 -0.084326103 -0.760697186 -0.013514771 0.648966253 54.740180969
0.603358328 0.080291174 0.793417871 2.695220470 -0.060767874 0.996654809 -0.054646861 -0.102656841 -0.795151472 -0.015242671 0.606219232 54.960468292
0.557407916 0.079926826 0.826382577 3.060681581 -0.056934312 0.996692002 -0.057995889 -0.119564995 -0.828284323 -0.014722162 0.560114563 55.168365479
0.509011269 0.078826562 0.857142866 3.444264174 -0.053847991 0.996763527 -0.059689239 -0.142942607 -0.859073877 -0.015772928 0.511608481 55.364936829
0.460148454 0.077003278 0.884496510 3.848763227 -0.052153986 0.996855795 -0.059652679 -0.165915087 -0.886308849 -0.018680928 0.462717623 55.542697906
0.409830153 0.074616283 0.909104943 4.289712906 -0.051749457 0.996945381 -0.058496956 -0.193387493 -0.910692811 -0.023071870 0.412439555 55.726669312
0.360293031 0.074913740 0.929826379 4.749639511 -0.054862119 0.996746480 -0.059047133 -0.206260055 -0.931224525 -0.029737964 0.363230795 55.874130249
0.311119497 0.074895628 0.947415054 5.209525108 -0.052568071 0.996719897 -0.061530583 -0.231679738 -0.948915839 -0.030660417 0.314036131 55.998210907
0.263757914 0.072002590 0.961897850 5.704695225 -0.042083461 0.997119546 -0.063099571 -0.260790318 -0.963670433 -0.023836980 0.266028285 56.097801208
0.220602050 0.066162340 0.973117292 6.204358578 -0.027640160 0.997720003 -0.061569165 -0.283579648 -0.974972188 -0.013314838 0.221927792 56.151130676
0.177783012 0.065195546 0.981907725 6.710842609 -0.019203518 0.997842848 -0.062776618 -0.313770890 -0.983882308 -0.007695465 0.178651482 56.215038300
0.139137313 0.066781476 0.988018751 7.238928318 -0.015718071 0.997746766 -0.065225519 -0.335036427 -0.990148365 -0.006454445 0.139873460 56.268577576
0.106800906 0.067365929 0.991995692 7.790763378 -0.007269703 0.997728407 -0.066972546 -0.373991489 -0.994253874 -0.000058785 0.107048027 56.300346375
0.078049339 0.065638155 0.994786382 8.354286194 0.000096539 0.997829735 -0.065846533 -0.411274910 -0.996949434 0.005235314 0.077873595 56.320617676
0.053023413 0.064124651 0.996532202 8.897851944 0.007132417 0.997886240 -0.064591281 -0.439514697 -0.998567760 0.010532533 0.052453976 56.324073792
0.033133753 0.063246049 0.997447789 9.479886055 0.011701390 0.997902811 -0.063663609 -0.467199773 -0.999382436 0.013780938 0.032324199 56.328689575
0.017156469 0.064827472 0.997748971 10.071178436 0.014723732 0.997771323 -0.065082110 -0.498125106 -0.999744415 0.015807167 0.016163729 56.328487396
0.003588110 0.064799353 0.997891903 10.671875000 0.014926815 0.997783661 -0.064846016 -0.533410072 -0.999882162 0.015128022 0.002612915 56.328197479
-0.007873145 0.065601856 0.997814834 11.293036461 0.016047835 0.997725546 -0.065469362 -0.567762494 -0.999840200 0.015497318 -0.008908005 56.313438416
-0.016801508 0.068377376 0.997518063 11.913613319 0.021081800 0.997461379 -0.068018399 -0.602679729 -0.999636590 0.019886665 -0.018200371 56.293022156
-0.023420246 0.070222519 0.997256398 12.554141045 0.025251327 0.997253358 -0.069629282 -0.641138434 -0.999406695 0.023551309 -0.025129130 56.273159027
-0.028078100 0.069790773 0.997166455 13.204895020 0.025535494 0.997284353 -0.069080018 -0.672439992 -0.999279499 0.023523502 -0.029783987 56.253261566
-0.031878594 0.067294948 0.997223735 13.881285667 0.023236567 0.997510970 -0.066571534 -0.704301476 -0.999221623 0.021049852 -0.033362955 56.240882874
-0.034513853 0.060337439 0.997581184 14.557085037 0.020937322 0.998000383 -0.059638422 -0.743479788 -0.999184847 0.018828327 -0.035708152 56.225940704
-0.035631191 0.054844454 0.997858942 15.237849236 0.022444481 0.998285055 -0.054066423 -0.774952650 -0.999112964 0.020469977 -0.036801040 56.196971893
-0.036280993 0.052228536 0.997975826 15.933391571 0.024987549 0.998368442 -0.051340677 -0.810473979 -0.999029219 0.023074282 -0.037526861 56.170303345
-0.035872027 0.054441337 0.997872353 16.636346817 0.028148295 0.998173952 -0.053445898 -0.851447642 -0.998959839 0.026171196 -0.037338953 56.133216858
-0.034943640 0.061947957 0.997467458 17.340314865 0.029075120 0.997717559 -0.060944922 -0.882351339 -0.998966217 0.026871849 -0.036665030 56.109268188
-0.032756235 0.069974750 0.997010767 18.042842865 0.030097635 0.997162759 -0.068996571 -0.915234745 -0.999010146 0.027747596 -0.034769371 56.089122772
-0.030187374 0.070505105 0.997054517 18.770605087 0.031013630 0.997094929 -0.069568969 -0.953576744 -0.999063075 0.028822172 -0.032286290 56.060966492
-0.028376833 0.066187963 0.997403622 19.526065826 0.030150155 0.997407973 -0.065330476 -0.995045841 -0.999142528 0.028218001 -0.030298859 56.049987793
-0.025871005 0.060289979 0.997845590 20.290031433 0.029471306 0.997791827 -0.059522640 -1.031761885 -0.999230683 0.027867900 -0.027590699 56.023788452
-0.023010397 0.058315314 0.998032987 21.026443481 0.027879776 0.997946441 -0.057667468 -1.078040004 -0.999346375 0.026497988 -0.024588963 56.011470795
-0.019523866 0.063832626 0.997769594 21.758874893 0.035268612 0.997382700 -0.063117757 -1.119894385 -0.999187052 0.033957645 -0.021724056 55.988517761
-0.016366497 0.069565825 0.997443080 22.488821030 0.037158020 0.996929944 -0.068920337 -1.158293128 -0.999175370 0.035935026 -0.018901180 55.975265503
-0.014181398 0.069934726 0.997450769 23.229026794 0.031017320 0.997101784 -0.069469266 -1.205459833 -0.999418199 0.029953079 -0.016309487 55.989475250
-0.011145181 0.066445954 0.997727752 23.987859726 0.026640976 0.997455299 -0.066130213 -1.249554157 -0.999582887 0.025843406 -0.012887006 55.983947754
-0.006042323 0.062919252 0.998000383 24.727466583 0.030600730 0.997562826 -0.062706403 -1.298078656 -0.999513447 0.030160647 -0.007952972 55.969730377
-0.002206737 0.064402826 0.997921526 25.469873428 0.035218563 0.997309923 -0.064285479 -1.337919712 -0.999377191 0.035003506 -0.004468977 55.961059570
-0.000214424 0.068466455 0.997653425 26.205408096 0.034914467 0.997045636 -0.068417244 -1.394533157 -0.999390244 0.034817871 -0.002604261 55.978416443
0.003939149 0.069372885 0.997582972 26.968595505 0.031091573 0.997099936 -0.069462068 -1.431880116 -0.999508798 0.031290047 0.001770813 55.980201721
0.007278121 0.068915635 0.997595966 27.718303680 0.030476540 0.997143626 -0.069106743 -1.477409363 -0.999508977 0.030906236 0.005157022 55.994773865
0.011266185 0.065585323 0.997783363 28.459840775 0.034476336 0.997227967 -0.065938093 -1.526525974 -0.999342024 0.035142783 0.008973814 55.996990204
0.015186063 0.065957263 0.997706831 29.206911087 0.038958453 0.997025192 -0.066505186 -1.579131246 -0.999125421 0.039879072 0.012571294 55.997344971
0.018550035 0.067092225 0.997574329 29.966245651 0.042116247 0.996808112 -0.067823835 -1.626514792 -0.998940468 0.043272227 0.015665151 56.013107300
0.021406192 0.067189999 0.997510493 30.716907501 0.042419452 0.996779680 -0.068051077 -1.670885682 -0.998870492 0.043770567 0.018487094 56.030330658
0.024817202 0.065584794 0.997538328 31.461578369 0.044016737 0.996806204 -0.066631727 -1.718890667 -0.998722494 0.045562003 0.021851115 56.051612854
0.028343515 0.064428270 0.997519791 32.201744080 0.046197560 0.996769965 -0.065692499 -1.768811107 -0.998530149 0.047944937 0.025275538 56.070713043
0.031221872 0.064571150 0.997424603 32.953014374 0.044413142 0.996835768 -0.065923274 -1.819921732 -0.998525202 0.046357010 0.028255275 56.103240967
0.033720855 0.066536523 0.997214019 33.716567993 0.041133296 0.996843636 -0.067902751 -1.862268686 -0.998584449 0.043308441 0.030877553 56.143745422
0.036857214 0.066678263 0.997093499 34.474311829 0.042999957 0.996741593 -0.068244196 -1.904608130 -0.998394966 0.045390274 0.033869952 56.165309906
0.039597563 0.066860870 0.996976256 35.230957031 0.040814266 0.996817887 -0.068471298 -1.947703838 -0.998381793 0.043402154 0.036742684 56.199035645
0.041724116 0.066977829 0.996881723 35.982944489 0.038949076 0.996883154 -0.068608128 -1.996216893 -0.998369634 0.041690234 0.038985338 56.241821289
0.044737369 0.066561788 0.996778905 36.747703552 0.036343694 0.997008920 -0.068208322 -2.050569773 -0.998337388 0.039278090 0.042184453 56.278495789
0.047870778 0.068612836 0.996494234 37.512508392 0.035152417 0.996904254 -0.070329763 -2.098567009 -0.998234749 0.038395930 0.045310669 56.323764801
0.050201245 0.072295316 0.996119082 38.271331787 0.033203430 0.996704459 -0.074011162 -2.150441170 -0.998187006 0.036790024 0.047635350 56.384273529
0.054049972 0.074202634 0.995777428 39.044189453 0.033534348 0.996537685 -0.076079510 -2.205122948 -0.997974992 0.037504841 0.051374495 56.422519684
0.056808025 0.076327421 0.995463192 39.813480377 0.027720286 0.996568322 -0.077994078 -2.257227659 -0.998000205 0.032025211 0.054497264 56.480442047
0.059284303 0.075670660 0.995368898 40.590629578 0.023723895 0.996734262 -0.077187456 -2.311013699 -0.997959256 0.028190035 0.057295498 56.543178558
0.063082427 0.076054573 0.995106161 41.353206635 0.026273401 0.996619940 -0.077835806 -2.364862204 -0.997662485 0.031054897 0.060870990 56.596370697
0.066613518 0.077643618 0.994753301 42.157352448 0.024589768 0.996537149 -0.079429507 -2.423838377 -0.997475803 0.029751830 0.064473607 56.655624390
0.070222177 0.079050049 0.994394302 42.942501068 0.020994483 0.996517181 -0.080701403 -2.473621368 -0.997310460 0.026543817 0.068317994 56.725383759
0.074476637 0.076623902 0.994274616 43.733726501 0.020096503 0.996725738 -0.078318149 -2.532558441 -0.997020185 0.025814313 0.072692908 56.788883209
0.078813300 0.076457761 0.993953109 44.536056519 0.019902924 0.996734977 -0.078249931 -2.600288391 -0.996690691 0.025949704 0.077034250 56.868862152
0.084137894 0.080580778 0.993190587 45.327156067 0.016331062 0.996479392 -0.082231089 -2.649942398 -0.996320248 0.023138611 0.082525708 56.930873871
0.089898303 0.089127772 0.991954863 46.114547729 0.014177249 0.995772243 -0.090755612 -2.712364912 -0.995850027 0.022221966 0.088254645 57.013496399
0.097191878 0.093732119 0.990842104 46.914970398 0.013226348 0.995345712 -0.095455557 -2.778161287 -0.995177805 0.022382727 0.095499799 57.101478577
0.104611591 0.096618123 0.989808798 47.715538025 0.008344960 0.995149314 -0.098021410 -2.848624706 -0.994478106 0.018514091 0.103297882 57.194248199
0.111386403 0.094978862 0.989227951 48.528568268 0.004890204 0.995357931 -0.096118055 -2.915523052 -0.993765116 0.015543772 0.110404864 57.303611755
0.118880287 0.093605079 0.988486469 49.336864471 0.004839485 0.995479882 -0.094849348 -2.983298779 -0.992896736 0.016059482 0.117889933 57.408786774
0.126868039 0.089759737 0.987850070 50.162509918 0.004403297 0.995836437 -0.091050923 -3.057657480 -0.991909802 0.015901247 0.125944570 57.512641907
0.133522704 0.084009461 0.987478673 50.968379974 0.002260428 0.996372342 -0.085071720 -3.132469893 -0.991043150 0.013591130 0.132848427 57.642551422
0.140983447 0.076614499 0.987043023 51.782661438 -0.000755878 0.997009158 -0.077280104 -3.197714329 -0.990011632 0.010149130 0.140619680 57.758129120
0.148528665 0.074239977 0.986117482 52.589477539 -0.000640011 0.997185051 -0.074976802 -3.257144451 -0.988907874 0.010505080 0.148158088 57.881980896
0.155429184 0.075795434 0.984934926 53.391246796 -0.000966304 0.997063220 -0.076576278 -3.322082043 -0.987846553 0.010950441 0.155045986 58.022373199
0.161334649 0.082574807 0.983439147 54.171695709 -0.000283956 0.996497273 -0.083624661 -3.377956390 -0.986899734 0.013212301 0.160792977 58.149627686
0.166861966 0.086444922 0.982183456 54.947006226 -0.001646364 0.996172309 -0.087396421 -3.431257010 -0.985978901 0.012966108 0.166365579 58.279037476
0.171573102 0.089297071 0.981116056 55.721755981 -0.002555891 0.995920599 -0.090197571 -3.497213364 -0.985168040 0.012967851 0.171101436 58.431804657
0.176675111 0.088683739 0.980265856 56.508640289 -0.006013534 0.996011317 -0.089024380 -3.577155352 -0.984250844 0.009833531 0.176503703 58.582839966
0.181997627 0.085720368 0.979555488 57.279708862 -0.002108353 0.996224701 -0.086787336 -3.643196583 -0.983296752 0.013729845 0.181491241 58.726360321
0.186513439 0.079384558 0.979240000 58.037296295 -0.001378366 0.996750295 -0.080541551 -3.698415041 -0.982451439 0.013672329 0.186016753 58.872463226
0.190092042 0.073235728 0.979030967 58.790325165 -0.002972541 0.997252285 -0.074021600 -3.757685661 -0.981761754 0.011160708 0.189787403 59.023246765
0.193228036 0.069692798 0.978675544 59.528030396 -0.006735035 0.997544825 -0.069706738 -3.818223476 -0.981130779 0.006877882 0.193223000 59.180259705
0.196424276 0.069850080 0.978027821 60.257427216 -0.008120043 0.997541010 -0.069612890 -3.868613720 -0.980485380 0.005732032 0.196508467 59.328563690
0.198512211 0.071952693 0.977453589 60.972908020 -0.010052636 0.997398555 -0.071379274 -3.918394566 -0.980046868 0.004343671 0.198719114 59.480091095
0.200324729 0.076571070 0.976732731 61.673229218 -0.014436137 0.997063637 -0.075204112 -3.970858335 -0.979623199 0.000964996 0.200841919 59.630310059
0.201941207 0.080557585 0.976078928 62.367786407 -0.015261183 0.996749341 -0.079106152 -4.023252010 -0.979278743 0.001078671 0.202514187 59.790992737
0.203593746 0.085771695 0.975291133 63.051048279 -0.015871985 0.996313393 -0.084307179 -4.079647064 -0.978926778 0.001684608 0.204204559 59.947063446
0.205117196 0.087949276 0.974777758 63.728050232 -0.015437691 0.996121168 -0.086626507 -4.133434772 -0.978615701 0.002720268 0.205679327 60.093013763
0.206912637 0.087577298 0.974431753 64.404914856 -0.017309375 0.996157348 -0.085854381 -4.190415859 -0.978206277 0.000897551 0.207633466 60.241069794
0.207172245 0.084638335 0.974636257 65.067535400 -0.017319620 0.996411681 -0.082847804 -4.247055054 -0.978151143 0.000283435 0.207894757 60.388946533
0.208128557 0.081895098 0.974666953 65.726921082 -0.017088089 0.996640980 -0.080092475 -4.304027081 -0.977952182 0.000014333 0.208828866 60.530750275
0.207979724 0.080999084 0.974773586 66.375694275 -0.016189713 0.996713877 -0.079367951 -4.352807045 -0.977999091 0.000725618 0.208607629 60.669300079
0.206241593 0.079779945 0.975243330 67.006172180 -0.015973317 0.996812344 -0.078166425 -4.405471325 -0.978370667 0.000543295 0.206858531 60.812004089
0.205004752 0.080718279 0.975426912 67.622550964 -0.016947933 0.996736884 -0.078919783 -4.455668926 -0.978614211 -0.000352538 0.205703810 60.941253662
0.202677622 0.083674155 0.975664079 68.233055115 -0.017798716 0.996492863 -0.081763066 -4.506226540 -0.979083717 -0.000794024 0.203456104 61.073368073
0.200340673 0.087021880 0.975853860 68.823844910 -0.015517035 0.996204376 -0.085651010 -4.560368538 -0.979603410 0.002017024 0.200930566 61.195911407
0.198814809 0.087670408 0.976107895 69.432044983 -0.013519181 0.996141255 -0.086716138 -4.610152245 -0.979943812 0.004044276 0.199232906 61.324321747
0.196572199 0.087122276 0.976610959 70.022079468 -0.013646697 0.996191025 -0.086122192 -4.647362709 -0.980394304 0.003601714 0.197012380 61.440727234
0.194127813 0.084384188 0.977340043 70.609886169 -0.014145379 0.996430516 -0.083222784 -4.695724487 -0.980874181 0.002331010 0.194628522 61.559822083
0.191901460 0.080008268 0.978147507 71.184616089 -0.013360628 0.996791959 -0.078912109 -4.748245239 -0.981323183 0.002074685 0.192354813 61.677394867
0.190220281 0.078944802 0.978562236 71.745216370 -0.010088734 0.996866167 -0.078460351 -4.801811218 -0.981689572 0.005052296 0.190420628 61.780319214
0.188474044 0.080674738 0.978758991 72.290687561 -0.006106218 0.996697247 -0.080977447 -4.840126038 -0.982059181 0.009285633 0.188344151 61.880851746
0.186196774 0.082691573 0.979026496 72.842849731 -0.001805730 0.996479154 -0.083822235 -4.881958961 -0.982510805 0.013839573 0.185690522 61.980792999
0.184188262 0.084570929 0.979245901 73.387046814 -0.002472428 0.996328235 -0.085581169 -4.923729897 -0.982887924 0.013341932 0.183721051 62.086414337
0.182629809 0.087152600 0.979311407 73.925384521 -0.002852784 0.996106267 -0.088115223 -4.967693806 -0.983177602 0.013298701 0.182167321 62.190631866
0.181853548 0.085291184 0.979619682 74.480087280 -0.001058950 0.996247590 -0.086542316 -5.020388603 -0.983325005 0.014700659 0.181261480 62.287052155
0.182452723 0.084409609 0.979584634 75.029655457 0.004853335 0.996218681 -0.086746879 -5.053715706 -0.983202577 0.020581460 0.181353122 62.384288788
0.184973314 0.082101062 0.979308069 75.553192139 0.009831212 0.996299744 -0.085382491 -5.099581242 -0.982694387 0.025421273 0.183481738 62.469524384
0.187033936 0.081325419 0.978981376 76.106842041 0.012544868 0.996288359 -0.085159816 -5.145891666 -0.982273459 0.028208967 0.185319513 62.573879242
0.190248013 0.081260704 0.978367209 76.663726807 0.009931147 0.996358216 -0.084686153 -5.189064026 -0.981685817 0.025827680 0.188748166 62.690837860
0.195855588 0.081678182 0.977225304 77.215286255 0.008944650 0.996334970 -0.085068092 -5.236216545 -0.980592012 0.025402000 0.194407195 62.805110931
0.201941192 0.080814898 0.976057708 77.784492493 0.010086949 0.996365309 -0.084583253 -5.277462006 -0.979345739 0.026926283 0.200392023 62.939929962
0.209634438 0.080939278 0.974424064 78.346229553 0.007974080 0.996393323 -0.084479645 -5.322725773 -0.977747321 0.025479976 0.208232939 63.067913055
0.218112543 0.079163320 0.972707629 78.919235229 0.008346897 0.996516824 -0.082972668 -5.363368511 -0.975888014 0.026216468 0.216692060 63.207275391
0.226711035 0.078763783 0.970771968 79.479515076 0.004685391 0.996624947 -0.081955567 -5.408874989 -0.973950803 0.023128679 0.225576803 63.340320587
0.236216754 0.078393273 0.968532979 80.059471130 0.003586629 0.996663153 -0.081544876 -5.454696178 -0.971693814 0.022736033 0.235147372 63.491004944
0.245692641 0.082185008 0.965857506 80.644340515 -0.001836609 0.996437013 -0.084319822 -5.500621796 -0.969346046 0.018942857 0.244968191 63.657630920
0.255024761 0.084518448 0.963233590 81.254249573 -0.005428723 0.996282041 -0.085980959 -5.546960831 -0.966919303 0.016698141 0.254535377 63.842105865
0.266422868 0.087143198 0.959908783 81.848480225 -0.009198677 0.996089101 -0.087874644 -5.590137482 -0.963812411 0.014581922 0.266182512 64.008819580
0.276278675 0.089173652 0.956931651 82.450744629 -0.010988048 0.995914161 -0.089633949 -5.640708923 -0.961014748 0.014249136 0.276129752 64.199432373
0.285833955 0.090140812 0.954030156 83.069526672 -0.014115899 0.995854080 -0.089863293 -5.689421654 -0.958175242 0.012218989 0.285921365 64.401153564
0.296187848 0.090409473 0.950841188 83.701553345 -0.014983113 0.995827258 -0.090019673 -5.742296219 -0.955012202 0.012416172 0.296306551 64.605537415
0.306257099 0.091152370 0.947574794 84.343803406 -0.018907193 0.995791197 -0.089679770 -5.791750431 -0.951761007 0.009549088 0.306691587 64.831428528
0.317127973 0.086879469 0.944394946 84.986351013 -0.019034514 0.996177554 -0.085251421 -5.833883762 -0.948191702 0.009059510 0.317569554 65.045089722
0.327762246 0.079415672 0.941416502 85.645408630 -0.014991181 0.996772468 -0.078866050 -5.887681484 -0.944641292 0.011736372 0.327894926 65.278251648
0.338701874 0.075254567 0.937879384 86.314834595 -0.013666037 0.997084677 -0.075069830 -5.937756538 -0.940794528 0.012609198 0.338742852 65.525596619
0.349193394 0.072285004 0.934258580 87.000450134 -0.014724179 0.997320294 -0.071660817 -5.983813286 -0.936935008 0.011267297 0.349322051 65.784729004
0.358556479 0.069742970 0.930899143 87.689819336 -0.007988337 0.997397959 -0.071648180 -6.025513172 -0.933473885 0.018253585 0.358180642 66.054161072
0.367194116 0.064427935 0.927910268 88.390396118 -0.001789898 0.997645378 -0.068561569 -6.068806171 -0.930142641 0.023514545 0.366444767 66.325851440
0.374200195 0.055174552 0.925705135 89.109535217 0.007667376 0.998010337 -0.062583536 -6.111241817 -0.927316248 0.030516505 0.373032570 66.606155396
0.381311387 0.050579060 0.923061967 89.821472168 0.013209390 0.998102069 -0.060147595 -6.153791904 -0.924352288 0.035128050 0.379919648 66.895309448
0.388398588 0.050435062 0.920110226 90.525497437 0.015149977 0.998016655 -0.061100576 -6.204986572 -0.921366930 0.037671030 0.386864185 67.198410034
0.396192938 0.056866363 0.916404605 91.247817993 0.017535862 0.997429490 -0.069475614 -6.243296146 -0.917999804 0.043595690 0.394177377 67.505088806
0.403237790 0.061227072 0.913044691 91.950759888 0.021506581 0.996849537 -0.076345049 -6.284496307 -0.914842546 0.050421678 0.400650620 67.814559937
0.408341587 0.063529149 0.910615802 92.659980774 0.019295380 0.996751726 -0.078190923 -6.337207317 -0.912625194 0.049499284 0.405789346 68.142715454
0.413010359 0.064698651 0.908425212 93.366447449 0.012353873 0.996983647 -0.076622456 -6.399981499 -0.910642505 0.042868447 0.410965264 68.476028442
0.416804969 0.068607435 0.906403065 94.051391602 0.005642528 0.996933103 -0.078054532 -6.456032276 -0.908978462 0.037647918 0.415139526 68.812332153
0.420584321 0.071770392 0.904410183 94.732574463 0.004655806 0.996682286 -0.081257850 -6.516633511 -0.907241523 0.038386542 0.418854773 69.146026611
0.425029218 0.075781651 0.902001858 95.406166077 0.001724579 0.996419728 -0.084526800 -6.572852612 -0.905178010 0.037481930 0.423376739 69.455558777
0.428414851 0.078611419 0.900156081 96.062591553 -0.001149888 0.996254921 -0.086456537 -6.632194996 -0.903581440 0.036004186 0.426900804 69.776565552
0.432414800 0.077287048 0.898356378 96.727264404 -0.002318355 0.996411681 -0.084606990 -6.689018250 -0.901671827 0.034502607 0.431042343 70.107467651
0.436481178 0.074310936 0.896639347 97.378921509 -0.001884353 0.996656537 -0.081682809 -6.754625320 -0.899711430 0.033963416 0.435161859 70.428153992
0.440021366 0.071324855 0.895150244 98.028068542 -0.001519811 0.996898293 -0.078684993 -6.806103230 -0.897986054 0.033262614 0.438764930 70.746025085
0.443299890 0.070326187 0.893610299 98.655349731 -0.002516573 0.997011185 -0.077215321 -6.863420963 -0.896369874 0.031980701 0.442151934 71.072540283
0.446955264 0.072149634 0.891641974 99.272270203 -0.004792375 0.996920884 -0.078266293 -6.916099548 -0.894543529 0.030708449 0.445924878 71.383720398
0.449596763 0.072735809 0.890265226 99.885086060 -0.004165506 0.996838927 -0.079339370 -6.973025799 -0.893221974 0.031962320 0.448478520 71.699890137
0.451668620 0.071024425 0.889354289 100.480087280 -0.001983104 0.996903658 -0.078606255 -7.021921158 -0.892183542 0.033740304 0.450411022 72.005439758
0.453640074 0.069779508 0.888448954 101.073539734 -0.000004712 0.996930003 -0.078297295 -7.075455666 -0.891184986 0.035514604 0.452247769 72.298690796
0.455524534 0.069472618 0.887508333 101.657699585 -0.000808659 0.996982098 -0.077626988 -7.122695923 -0.890222907 0.034643304 0.454206020 72.603424072
0.457389474 0.068747230 0.886605084 102.228744507 0.000562956 0.996984661 -0.077596463 -7.175394058 -0.889266253 0.035990927 0.455971599 72.901550293
0.460277557 0.070521854 0.884969652 102.793884277 0.000040107 0.996838272 -0.079457358 -7.223141670 -0.887775004 0.036607925 0.458819449 73.193229675
0.462602228 0.070486493 0.883759439 103.342079163 0.002814543 0.996712744 -0.080968633 -7.274604321 -0.886561453 0.039943647 0.460883081 73.485198975
0.465829372 0.070026346 0.882099390 103.895729065 0.004100659 0.996682107 -0.081288159 -7.325258732 -0.884865046 0.041483589 0.463996708 73.778816223
0.468992561 0.068244301 0.880561590 104.429107666 0.007151822 0.996684134 -0.081053011 -7.373503685 -0.883173168 0.044310886 0.466949373 74.064804077
0.472395301 0.067397431 0.878806174 104.960868835 0.008521535 0.996676207 -0.081017815 -7.419132233 -0.881345689 0.045761213 0.470250875 74.348632812
0.475400895 0.067028247 0.877212167 105.476554871 0.009723259 0.996632099 -0.081422664 -7.463903904 -0.879715562 0.047237765 0.473148078 74.635475159
0.478836268 0.066002153 0.875419676 105.989562988 0.010030222 0.996693492 -0.080631904 -7.517366886 -0.877846956 0.047390137 0.476590931 74.921875000
0.482247829 0.065544441 0.873579383 106.489341736 0.011537003 0.996635437 -0.081146158 -7.561154842 -0.875958860 0.049211048 0.479869157 75.193420410
0.485937983 0.066742100 0.871441245 106.997795105 0.011366775 0.996513009 -0.082659535 -7.607582092 -0.873919368 0.050072886 0.483484864 75.487579346
0.490238160 0.066889487 0.869018018 107.492469788 0.013138305 0.996370256 -0.084103674 -7.656560421 -0.871489465 0.052648239 0.487579972 75.767784119
0.495496154 0.070179947 0.865770340 107.987968445 0.011194601 0.996131897 -0.087154023 -7.702664852 -0.868537962 0.052876435 0.492793888 76.051170349
0.500687003 0.075925678 0.862292230 108.472450256 0.007472054 0.995729744 -0.092013612 -7.753692150 -0.865596116 0.052513111 0.497981608 76.346923828
0.506413460 0.083121441 0.858275175 108.954460144 0.002385259 0.995204151 -0.097790018 -7.801164150 -0.862287462 0.051569387 0.503786564 76.647552490
0.512500703 0.089429028 0.854017258 109.426040649 -0.003350520 0.994762659 -0.102156602 -7.854962349 -0.858680248 0.049493935 0.510116220 76.933677673
0.518757403 0.094204612 0.849715412 109.906120300 -0.007013807 0.994345963 -0.105957240 -7.902511597 -0.854892731 0.049006358 0.516484976 77.245391846
0.524280250 0.094329737 0.846305013 110.390220642 -0.010731624 0.994498491 -0.104199320 -7.953532696 -0.851478159 0.045547407 0.522408247 77.556724548
0.529752076 0.093617164 0.842970073 110.883255005 -0.017934397 0.994903922 -0.099219777 -8.009594917 -0.847962856 0.037443720 0.528731406 77.882881165
0.535335839 0.091048993 0.839717627 111.383033752 -0.024162993 0.995416880 -0.092526838 -8.067039490 -0.844293594 0.029242843 0.535082459 78.230812073
0.541332722 0.089173660 0.836066306 111.888008118 -0.030471668 0.995787501 -0.086479627 -8.121178627 -0.840256095 0.021337921 0.541769624 78.575737000
0.547429383 0.087238647 0.832292259 112.395599365 -0.032828163 0.996024549 -0.082808323 -8.166340828 -0.836207747 0.018009091 0.548116982 78.923377991
0.553429544 0.090750746 0.827937186 112.902351379 -0.038331907 0.995768249 -0.083524093 -8.217952728 -0.832013428 0.014488291 0.554566205 79.288902283
0.559397757 0.095022380 0.823434770 113.422676086 -0.042436313 0.995387793 -0.086036377 -8.262536049 -0.827812314 0.013185028 0.560850203 79.657546997
0.566145718 0.098361813 0.818415523 113.951065063 -0.044994328 0.995062292 -0.088467024 -8.306466103 -0.823076248 0.013261174 0.567776084 80.027725220
0.572365463 0.100503698 0.813816130 114.481109619 -0.047413353 0.994856179 -0.089515254 -8.356267929 -0.818626702 0.012649687 0.574186623 80.412879944
