1.000000000 0.000000000 0.000000000 0.000000000 0.000000000 1.000000000 0.000000000 0.000000000 0.000000000 0.000000000 1.000000000 0.000000000
0.999998689 0.000720136 0.001436745 -0.006392365 -0.000713622 0.999989510 -0.004528789 -0.002736333 -0.001439992 0.004527757 0.999988735 0.964572310
0.999996722 -0.001395130 0.002150913 -0.002289445 0.001406668 0.999984562 -0.005372151 -0.000438343 -0.002143385 0.005375159 0.999983251 1.918929100
0.999993622 -0.002429751 0.002627990 -0.007800129 0.002433522 0.999996006 -0.001432803 -0.002666623 -0.002624498 0.001439189 0.999995470 2.861811161
0.999986112 -0.004862597 0.002031952 -0.005827222 0.004852889 0.999976933 0.004756139 -0.006377116 -0.002055031 -0.004746212 0.999986649 3.809328318
0.999963760 -0.008507579 0.000422513 -0.002206100 0.008505433 0.999952078 0.004845734 -0.004054463 -0.000463718 -0.004841963 0.999988198 4.746895313
0.999938428 -0.011089385 -0.000135671 -0.004355264 0.011089621 0.999936759 0.001879710 0.000034940 0.000114817 -0.001881099 0.999998212 5.674321175
0.999928832 -0.011870432 -0.001141364 -0.006880821 0.011868293 0.999927878 -0.001863380 0.007206292 0.001163400 0.001849701 0.999997616 6.604283333
0.999933302 -0.011427266 -0.001658310 -0.013736975 0.011423997 0.999932826 -0.001967836 -0.001544470 0.001680686 0.001948760 0.999996662 7.528174877
0.999930680 -0.011406963 -0.002903205 -0.021290667 0.011406472 0.999934912 -0.000186054 -0.000647492 0.002905138 0.000152926 0.999995708 8.444526672
0.999934793 -0.011005105 -0.003027327 -0.038224056 0.011012931 0.999936044 0.002580492 0.005135476 0.002998734 -0.002613663 0.999992073 9.384929657
0.999927938 -0.011338105 -0.003946679 -0.041931350 0.011353711 0.999927640 0.003954650 0.008385832 0.003901555 -0.003999174 0.999984384 10.297742844
0.999913156 -0.012258478 -0.004826674 -0.048832998 0.012280719 0.999913990 0.004605917 0.013769181 0.004769797 -0.004664792 0.999977767 11.218081474
0.999902070 -0.012846028 -0.005540271 -0.057618305 0.012873128 0.999905169 0.004883769 0.011573465 0.005477008 -0.004954611 0.999972761 12.123167992
0.999897480 -0.013011426 -0.005971155 -0.065023214 0.013033186 0.999908507 0.003620105 0.013564369 0.005923506 -0.003697556 0.999975562 13.022963524
0.999885678 -0.013381530 -0.007043750 -0.083999299 0.013393345 0.999909043 0.001633079 0.017434185 0.007021255 -0.001727231 0.999973834 13.929868698
0.999853373 -0.014611466 -0.008935280 -0.083892517 0.014612048 0.999893248 -0.000000076 0.025949430 0.008934326 -0.000130486 0.999960065 14.833081245
0.999841154 -0.014197751 -0.010771184 -0.095901906 0.014194068 0.999899209 -0.000418164 0.020117745 0.010776035 0.000265210 0.999941885 15.739566803
0.999844909 -0.013143969 -0.011721632 -0.123091452 0.013128776 0.999912858 -0.001372262 0.021663835 0.011738646 0.001218158 0.999930382 16.637071609
0.999835908 -0.011726835 -0.013810008 -0.135353997 0.011714841 0.999930918 -0.000949063 0.016348621 0.013820183 0.000787125 0.999904215 17.530899048
0.999822080 -0.012329294 -0.014281536 -0.169545501 0.012323556 0.999923944 -0.000489597 0.020131173 0.014286488 0.000313511 0.999897897 18.426437378
0.999800563 -0.011756214 -0.016144414 -0.180949062 0.011780445 0.999929547 0.001406609 0.012285356 0.016126743 -0.001596517 0.999868691 19.310062408
0.999777436 -0.011213132 -0.017871758 -0.195141315 0.011237218 0.999936104 0.001247953 0.022393765 0.017856626 -0.001448504 0.999839485 20.191640854
0.999734581 -0.012440027 -0.019394437 -0.216561690 0.012463163 0.999921739 0.001072641 0.024179665 0.019379575 -0.001314072 0.999811292 21.068119049
0.999699533 -0.012106238 -0.021311695 -0.238975957 0.012121396 0.999926388 0.000582229 0.024018966 0.021303078 -0.000840381 0.999772608 21.942529678
0.999691606 -0.012216383 -0.021622399 -0.266931355 0.012232777 0.999925017 0.000626114 0.026968116 0.021613128 -0.000890423 0.999765992 22.804821014
0.999657691 -0.012084000 -0.023204967 -0.280500203 0.012155611 0.999921739 0.002947309 0.028126761 0.023167541 -0.003228371 0.999726295 23.663780212
0.999623418 -0.013266532 -0.024021322 -0.301821232 0.013411487 0.999892712 0.005883372 0.029078955 0.023940694 -0.006203318 0.999694109 24.508747101
0.999610424 -0.013337242 -0.024517324 -0.327817857 0.013522130 0.999881208 0.007390794 0.031583738 0.024415836 -0.007719441 0.999672055 25.344514847
0.999600768 -0.012441378 -0.025368519 -0.348802716 0.012602167 0.999901414 0.006188144 0.031999722 0.025289029 -0.006505372 0.999658942 26.179040909
0.999608874 -0.010771601 -0.025807379 -0.379992306 0.010861524 0.999935329 0.003346693 0.038326960 0.025769662 -0.003625691 0.999661326 26.985258102
0.999585748 -0.010340136 -0.026860816 -0.403766900 0.010394205 0.999944150 0.001874162 0.038996361 0.026839940 -0.002152582 0.999637425 27.790710449
0.999566853 -0.009536779 -0.027842561 -0.426787853 0.009576772 0.999953270 0.001303395 0.044322230 0.027828829 -0.001569472 0.999611497 28.582010269
0.999525845 -0.009457234 -0.029302722 -0.450131088 0.009488733 0.999954522 0.000936070 0.042856213 0.029292537 -0.001213671 0.999570191 29.370510101
0.999469936 -0.009304108 -0.031198412 -0.480803788 0.009313162 0.999956608 0.000144879 0.041182920 0.031195708 -0.000435357 0.999513209 30.146251678
0.999406338 -0.009512527 -0.033113416 -0.507912874 0.009517802 0.999954700 0.000001737 0.041118056 0.033111900 -0.000316903 0.999451578 30.915714264
0.999338686 -0.009659979 -0.035055485 -0.538706303 0.009705777 0.999952257 0.001136510 0.043717917 0.035042834 -0.001476000 0.999384701 31.666828156
0.999255836 -0.009807421 -0.037306145 -0.565357506 0.009945200 0.999944329 0.003509401 0.045322947 0.037269648 -0.003877806 0.999297678 32.417987823
0.999192476 -0.008832646 -0.039195959 -0.598617256 0.009022028 0.999948561 0.004657454 0.049604345 0.039152801 -0.005007321 0.999220610 33.174259186
0.999129832 -0.007466805 -0.041035395 -0.635498226 0.007676913 0.999958277 0.004964958 0.050876174 0.040996611 -0.005275663 0.999145329 33.900081635
0.999071062 -0.004808025 -0.042821903 -0.674338996 0.004990368 0.999978960 0.004152300 0.051280271 0.042801034 -0.004362140 0.999074101 34.613105774
0.998985827 -0.003965854 -0.044849291 -0.704786956 0.004120802 0.999985874 0.003362911 0.056107733 0.044835314 -0.003544316 0.998988092 35.329441071
0.998907268 -0.003658010 -0.046593711 -0.738243937 0.003860368 0.999983490 0.004253789 0.061967500 0.046577379 -0.004429009 0.998904943 36.035751343
0.998863339 -0.002222397 -0.047614235 -0.777756512 0.002513164 0.999978542 0.006047744 0.068007305 0.047599766 -0.006160532 0.998847485 36.734043121
0.998860180 0.000436173 -0.047730397 -0.815624237 -0.000102926 0.999975562 0.006984088 0.062939920 0.047732282 -0.006971215 0.998835802 37.410709381
0.998892248 0.003843523 -0.046899401 -0.850281417 -0.003607233 0.999980390 0.005121814 0.062955357 0.046918165 -0.004946963 0.998886526 38.078506470
0.998973191 0.005699083 -0.044945613 -0.888975680 -0.005605272 0.999981940 0.002212957 0.062466137 0.044957407 -0.001958753 0.998986959 38.727935791
0.999064982 0.006259776 -0.042779118 -0.919003665 -0.006271032 0.999980330 -0.000128927 0.074228123 0.042777468 0.000397075 0.999084532 39.381488800
0.999187350 0.006996464 -0.039692909 -0.947959006 -0.006978042 0.999975443 0.000602632 0.075691432 0.039696146 -0.000325164 0.999211729 40.018218994
0.999260008 0.011984012 -0.036547422 -0.979998708 -0.011886574 0.999925196 0.002882201 0.081685200 0.036579225 -0.002445644 0.999327719 40.652885437
0.999332607 0.016113980 -0.032781322 -1.004973054 -0.015894335 0.999849498 0.006949941 0.075440720 0.032888379 -0.006424265 0.999438405 41.270763397
0.999373615 0.021246841 -0.028297490 -1.035836458 -0.021032106 0.999747813 0.007864654 0.078816280 0.028457452 -0.007264573 0.999568582 41.872955322
0.999427736 0.024478346 -0.023351645 -1.046702027 -0.024298294 0.999673009 0.007963488 0.082651652 0.023538947 -0.007391525 0.999695599 42.465309143
0.999437690 0.028438605 -0.017770236 -1.059929490 -0.028267432 0.999552250 0.009810797 0.090789214 0.018041285 -0.009302961 0.999793947 43.039020538
0.999377191 0.033567268 -0.010883857 -1.077580690 -0.033445846 0.999378264 0.011152650 0.093191795 0.011251454 -0.010781685 0.999878585 43.584392548
0.999334455 0.036223266 -0.004309193 -1.074606895 -0.036174472 0.999285936 0.010909776 0.090573832 0.004701305 -0.010746635 0.999931216 44.111049652
0.999209583 0.039613675 0.003315924 -1.084974408 -0.039647665 0.999154150 0.010904352 0.093187436 -0.002881157 -0.011027203 0.999935031 44.621654510
0.998980582 0.043880034 0.010597119 -1.081164360 -0.043987680 0.998980522 0.010148065 0.100141309 -0.010141017 -0.010603864 0.999892354 45.120994568
0.998684645 0.047895692 0.018303664 -1.079240084 -0.048038974 0.998817563 0.007469897 0.103462845 -0.017924244 -0.008339360 0.999804497 45.588973999
0.998377681 0.050385922 0.026519163 -1.074352503 -0.050524231 0.998712301 0.004571105 0.102555290 -0.026254695 -0.005903549 0.999637783 46.035655975
0.998106420 0.050857797 0.034601875 -1.062998176 -0.051040217 0.998686790 0.004408581 0.100789167 -0.034332231 -0.006166320 0.999391437 46.470378876
0.997843504 0.050050735 0.042464588 -1.038038373 -0.050338618 0.998715699 0.005736651 0.103007816 -0.042122927 -0.007861889 0.999081492 46.870178223
0.997390687 0.051791877 0.050293181 -1.014770865 -0.052179620 0.998616993 0.006426726 0.106278017 -0.049890772 -0.009034238 0.998713851 47.251628876
0.996763349 0.054582439 0.059022181 -0.993815303 -0.055067461 0.998460650 0.006621299 0.104888476 -0.058569919 -0.009850069 0.998234689 47.610855103
0.995920479 0.059769783 0.067602076 -0.967883050 -0.060314182 0.998161197 0.006039026 0.106756836 -0.067116812 -0.010091753 0.997694135 47.934513092
0.995037436 0.063492499 0.076610848 -0.947234571 -0.064148843 0.997921586 0.006134373 0.105608463 -0.076062106 -0.011018425 0.997042179 48.241661072
0.994323254 0.062742844 0.085933901 -0.916960597 -0.063560888 0.997954607 0.006813693 0.103251494 -0.085330620 -0.012237045 0.996277511 48.522285461
0.993411303 0.061484225 0.096715406 -0.880777299 -0.062249791 0.998048484 0.004915374 0.103298329 -0.096224442 -0.010903501 0.995299876 48.800838470
0.992305875 0.059956308 0.108325034 -0.842145503 -0.060366608 0.998176157 0.000509412 0.099774994 -0.108096927 -0.007044707 0.994115412 49.061096191
0.990718484 0.060900081 0.121523872 -0.799703360 -0.060905684 0.998136878 -0.003671842 0.101171717 -0.121521071 -0.003763733 0.992581725 49.325611115
0.988581359 0.062462535 0.137132496 -0.761680067 -0.062252048 0.998043478 -0.005827287 0.099160142 -0.137228191 -0.002776031 0.990535617 49.593719482
0.986108661 0.064457871 0.153084338 -0.709318817 -0.064136818 0.997916281 -0.007039835 0.093278706 -0.153219104 -0.002876299 0.988188028 49.837734222
0.983299077 0.064992130 0.169996962 -0.653528154 -0.064513542 0.997881949 -0.008343503 0.093499243 -0.170179158 -0.002762945 0.985409260 50.093173981
0.980024815 0.063955672 0.188311324 -0.596663594 -0.063273199 0.997949719 -0.009639643 0.094756030 -0.188541710 -0.002467969 0.982061982 50.356719971
0.976158917 0.063167296 0.207662657 -0.530569196 -0.062511064 0.997996867 -0.009727472 0.087475754 -0.207861125 -0.003485654 0.978152096 50.593902588
0.971644759 0.063400842 0.227786943 -0.456167430 -0.062554471 0.997981608 -0.010940708 0.086173341 -0.228020787 -0.003618609 0.973649502 50.838966370
0.966390312 0.065414466 0.248617575 -0.376079381 -0.064119801 0.997853398 -0.013310777 0.085609764 -0.248954594 -0.003077902 0.968510270 51.074432373
0.960160375 0.066834882 0.271339446 -0.291670173 -0.065102533 0.997759819 -0.015391415 0.078274518 -0.271760315 -0.002886660 0.962360620 51.317085266
0.952817202 0.068096675 0.295807838 -0.200873047 -0.066202380 0.997670949 -0.016427290 0.070532344 -0.296237588 -0.003930978 0.955106199 51.559799194
0.944302619 0.070815422 0.321368307 -0.103866175 -0.068936087 0.997472107 -0.017238412 0.063033931 -0.321776688 -0.005875594 0.946797371 51.795112610
0.934448600 0.072799370 0.348576993 0.004289163 -0.070828140 0.997318625 -0.018414615 0.057396002 -0.348982871 -0.007481544 0.937099159 52.031841278
0.923219144 0.073417887 0.377195150 0.122459531 -0.071262024 0.997263312 -0.019688735 0.047522321 -0.377608389 -0.008702670 0.925924480 52.273136139
0.910681903 0.071729757 0.406832993 0.260670602 -0.068841271 0.997390449 -0.021753557 0.037979338 -0.407331735 -0.008196327 0.913243473 52.495178223
0.895703971 0.069178782 0.439236522 0.408972174 -0.064957239 0.997583449 -0.024654500 0.034735743 -0.439880699 -0.006448461 0.898033082 52.732276917
0.878511071 0.068388090 0.472801596 0.574516177 -0.062123504 0.997650683 -0.028873093 0.023493191 -0.473665446 -0.004006758 0.880695760 52.965965271
0.858985126 0.070357949 0.507143319 0.744425654 -0.061626628 0.997519672 -0.034008306 0.016580205 -0.508278191 -0.002040906 0.861190498 53.193817139
0.837206721 0.072264336 0.542091012 0.924197555 -0.061166767 0.997385025 -0.038491949 0.005896565 -0.543455124 -0.000932232 0.839437723 53.416114807
0.812689483 0.074993663 0.577850938 1.127047539 -0.062062785 0.997182667 -0.042129561 -0.003602776 -0.579382479 -0.001624785 0.815054178 53.644145966
0.785178483 0.079197384 0.614184499 1.344099998 -0.065362662 0.996847272 -0.044980515 -0.017431730 -0.615810454 -0.004827005 0.787879586 53.881061554
0.755312502 0.083276205 0.650052369 1.567514896 -0.068599500 0.996491373 -0.047949910 -0.030290818 -0.651764691 -0.008376095 0.758374989 54.111972809
0.722000003 0.084613167 0.686699808 1.815074086 -0.068564862 0.996358633 -0.050678954 -0.047288548 -0.688487291 -0.010493269 0.725172460 54.341789246
0.685272038 0.081908882 0.723666489 2.083316088 -0.064709224 0.996573210 -0.051522035 -0.069139063 -0.725406766 -0.011521284 0.688224018 54.553161621
0.646294951 0.080043614 0.758877993 2.391310930 -0.061331615 0.996714771 -0.052896943 -0.092038244 -0.760618985 -0.012356192 0.649080992 54.769016266
0.603261769 0.080192029 0.793501377 2.721946716 -0.060108032 0.996674001 -0.055027533 -0.107861333 -0.795275033 -0.014499806 0.606075406 54.994438171
0.557251990 0.079743221 0.826505482 3.079662561 -0.056359608 0.996714711 -0.058166277 -0.130203411 -0.828428507 -0.014168250 0.559915543 55.194896698
0.508767664 0.078449480 0.857321978 3.465377569 -0.052864537 0.996807098 -0.059841264 -0.152018800 -0.859279215 -0.014876640 0.511290431 55.400844574
0.460232615 0.076935999 0.884458363 3.874042749 -0.050821856 0.996887505 -0.060270380 -0.168217361 -0.886342525 -0.017211426 0.462710202 55.578548431
0.410336226 0.074290983 0.908903182 4.305317879 -0.050189205 0.997005343 -0.058833621 -0.195478365 -0.910552144 -0.021475561 0.412836045 55.747177124
0.359863192 0.074447922 0.930030048 4.771336555 -0.054105502 0.996799111 -0.058857281 -0.217659742 -0.931434929 -0.029139174 0.362739354 55.912288666
0.310610503 0.075062126 0.947568893 5.228809834 -0.051793471 0.996732831 -0.061978895 -0.233501121 -0.949125171 -0.029826595 0.313483298 56.036903381
0.263632804 0.071504161 0.961969316 5.710451603 -0.040542062 0.997188985 -0.063011311 -0.266718745 -0.963770747 -0.022388380 0.265790582 56.124408722
0.219611883 0.065895572 0.973359287 6.223911762 -0.027046220 0.997744024 -0.061444156 -0.291513622 -0.975212336 -0.012831826 0.220898643 56.197311401
0.177101001 0.064654239 0.982066691 6.750763893 -0.018330870 0.997883558 -0.062389832 -0.325561881 -0.984021962 -0.006952842 0.177911311 56.266551971
0.138652965 0.066194013 0.988126338 7.257193565 -0.015118838 0.997789085 -0.064719833 -0.348625213 -0.990225613 -0.005965726 0.139347166 56.310211182
0.105813757 0.066874266 0.992134690 7.800786018 -0.006477618 0.997761309 -0.066562653 -0.382854164 -0.994364858 0.000616574 0.106010050 56.342861176
0.077452280 0.065024488 0.994873285 8.356183052 0.000924008 0.997865796 -0.065292016 -0.419063002 -0.996995628 0.005976287 0.077226900 56.353687286
0.052636705 0.063234128 0.996609688 8.927362442 0.007664386 0.997938097 -0.063723221 -0.454472303 -0.998584270 0.010992583 0.052043527 56.364559174
0.032295942 0.062738359 0.997507334 9.484759331 0.012744276 0.997920990 -0.063176997 -0.472280353 -0.999397099 0.014752869 0.031429235 56.365329742
0.016418409 0.064581089 0.997777462 10.075604439 0.015763152 0.997771204 -0.064840086 -0.498347282 -0.999740958 0.016792689 0.015363813 56.364383698
0.002893164 0.064189248 0.997933567 10.658942223 0.015815325 0.997810006 -0.064227164 -0.535635829 -0.999870658 0.015968464 0.001871656 56.356620789
-0.008398243 0.065063305 0.997845888 11.271424294 0.016965451 0.997746646 -0.064914055 -0.570984662 -0.999820769 0.016383743 -0.009483137 56.340530396
-0.017723026 0.068160579 0.997516930 11.915292740 0.021978531 0.997459114 -0.067766137 -0.603546441 -0.999601364 0.020722939 -0.019176062 56.329315186
-0.023996139 0.070133403 0.997248888 12.535599709 0.026189864 0.997237980 -0.069502436 -0.637890100 -0.999369025 0.024450025 -0.025766645 56.295692444
-0.028745085 0.069439135 0.997171998 13.193232536 0.026193341 0.997293949 -0.068692558 -0.676466942 -0.999243557 0.024144692 -0.030486140 56.285209656
-0.032543939 0.066821016 0.997234106 13.859462738 0.024427585 0.997517765 -0.066042848 -0.707282126 -0.999171734 0.022210727 -0.034095429 56.263633728
-0.035031844 0.059890140 0.997590065 14.535775185 0.022155143 0.998003960 -0.059136979 -0.745822072 -0.999140561 0.020030074 -0.036288790 56.247669220
-0.036258902 0.054424580 0.997859359 15.217307091 0.023366382 0.998289049 -0.053598959 -0.775888979 -0.999069214 0.021372922 -0.037468571 56.219833374
-0.036718722 0.051663641 0.997989297 15.920191765 0.025995899 0.998374164 -0.050727107 -0.812422514 -0.998987436 0.024080994 -0.038002066 56.185367584
-0.036486674 0.054063693 0.997870684 16.614805222 0.029476143 0.998159230 -0.053001553 -0.848594129 -0.998899281 0.027479528 -0.038013101 56.154659271
-0.035512611 0.061581925 0.997470081 17.318208694 0.030187842 0.997710288 -0.060521990 -0.877551377 -0.998913109 0.027962172 -0.037290324 56.132247925
-0.033417415 0.069707364 0.997007608 18.021930695 0.031249117 0.997149825 -0.068669923 -0.911886632 -0.998952806 0.028860837 -0.035500471 56.113265991
-0.031085625 0.070508637 0.997026682 18.777029037 0.031836942 0.997072399 -0.069519259 -0.948232651 -0.999009490 0.029581234 -0.033239394 56.081348419
-0.029099833 0.065974832 0.997396886 19.506263733 0.031269792 0.997391105 -0.065062150 -0.991699457 -0.999087274 0.029295098 -0.031086933 56.068870544
-0.026244262 0.059584759 0.997878194 20.253433228 0.030745108 0.997797966 -0.058771372 -1.035986304 -0.999182642 0.029137462 -0.028018408 56.046031952
-0.023660684 0.057615034 0.998058379 20.987577438 0.029146872 0.997953415 -0.056917980 -1.082420707 -0.999295056 0.027743561 -0.025291551 56.035934448
-0.020311825 0.063296854 0.997788012 21.739370346 0.036641426 0.997370601 -0.062524453 -1.124460459 -0.999121964 0.035290387 -0.022577710 56.013996124
-0.017193001 0.068568923 0.997498274 22.474405289 0.038516328 0.996950626 -0.067867398 -1.167740107 -0.999110043 0.037253123 -0.019781597 56.001487732
-0.015135641 0.069146141 0.997491717 23.212194443 0.032209281 0.997121990 -0.068631768 -1.210801482 -0.999366522 0.031089704 -0.017319229 56.008659363
-0.012065819 0.065914594 0.997752309 23.969427109 0.027943805 0.997457504 -0.065557182 -1.248596907 -0.999536633 0.027089998 -0.013877049 56.014232635
-0.006701603 0.062062640 0.998049736 24.719619751 0.032140907 0.997569859 -0.061816983 -1.301880598 -0.999460816 0.031663951 -0.008680067 55.992698669
-0.002948359 0.063470468 0.997979343 25.459148407 0.036684487 0.997318864 -0.063320085 -1.343936801 -0.999322474 0.036423672 -0.005268836 55.981800079
-0.000411964 0.067717992 0.997704387 26.198627472 0.036087025 0.997055650 -0.067659065 -1.391667485 -0.999348581 0.035976313 -0.002854493 55.988254547
0.003546716 0.068655901 0.997634113 26.956274033 0.032597113 0.997102261 -0.068735175 -1.435064673 -0.999462247 0.032763779 0.001298454 55.995281219
0.007692458 0.068385258 0.997629344 27.710058212 0.032014508 0.997130573 -0.068597920 -1.478231907 -0.999457836 0.032466296 0.005481065 56.001079559
0.011020087 0.064908646 0.997830331 28.450958252 0.036034733 0.997217000 -0.065266714 -1.529057264 -0.999289811 0.036675792 0.008650452 56.009281158
0.014399485 0.065466270 0.997750878 29.206975937 0.040425204 0.997000396 -0.066000424 -1.581220508 -0.999078751 0.041284654 0.011709805 56.013713837
0.018122867 0.066097826 0.997648537 29.953720093 0.043743655 0.996804655 -0.066836528 -1.629482985 -0.998878360 0.044852067 0.015173594 56.021823883
0.020449979 0.066366561 0.997585714 30.704729080 0.043876581 0.996773481 -0.067211978 -1.670854449 -0.998827577 0.045145139 0.017472059 56.044315338
0.024045657 0.064651266 0.997618198 31.460695267 0.045141339 0.996818602 -0.065687507 -1.721575499 -0.998691142 0.046613321 0.021050716 56.061008453
0.027789682 0.064247854 0.997547030 32.212520599 0.047026251 0.996743381 -0.065506168 -1.761531591 -0.998507023 0.048731294 0.024677848 56.080894470
0.030517643 0.064209282 0.997469723 32.965995789 0.045319483 0.996819377 -0.065553963 -1.812408447 -0.998506248 0.047205370 0.027510647 56.110904694
0.033844218 0.065794066 0.997259080 33.728370667 0.042558867 0.996830761 -0.067210130 -1.856821179 -0.998520553 0.044716895 0.030936832 56.132633209
0.036645383 0.065960415 0.997149110 34.472877502 0.044286452 0.996731758 -0.067560337 -1.900370240 -0.998346567 0.046635974 0.033604465 56.158615112
0.039464153 0.066163272 0.997028112 35.231243134 0.042185776 0.996805429 -0.067818284 -1.939583540 -0.998330116 0.044736799 0.036546931 56.191860199
0.041866481 0.066432349 0.996912241 35.986442566 0.040376443 0.996859550 -0.068124488 -1.987964749 -0.998307049 0.043103911 0.039052695 56.226169586
0.044388238 0.066050842 0.996828496 36.752532959 0.037626870 0.996993482 -0.067737281 -2.042495966 -0.998305559 0.040514272 0.041769493 56.274444580
0.047359582 0.068182409 0.996548176 37.513088226 0.036084242 0.996899605 -0.069921315 -2.087814331 -0.998225927 0.039271127 0.044752438 56.315105438
0.050797395 0.071820892 0.996123195 38.277069092 0.035063475 0.996667624 -0.073648214 -2.135930300 -0.998093367 0.038668677 0.048109826 56.356662750
0.053889554 0.073259629 0.995855868 39.042442322 0.035554767 0.996531844 -0.075233363 -2.195960283 -0.997913718 0.039461721 0.051097926 56.404357910
0.056777455 0.075196385 0.995551109 39.805294037 0.029481448 0.996598423 -0.076956868 -2.251360893 -0.997951508 0.033719704 0.054367427 56.459461212
0.059454035 0.075080961 0.995403469 40.598239899 0.025355687 0.996732116 -0.076695621 -2.295590878 -0.997908950 0.029799007 0.057356015 56.518730164
0.063565344 0.075624771 0.995108306 41.376083374 0.027816180 0.996603012 -0.077515207 -2.351030588 -0.997589946 0.032607391 0.061245821 56.567768097
0.067493536 0.076900937 0.994751632 42.146091461 0.026750304 0.996527314 -0.078853205 -2.406305552 -0.997361004 0.031931993 0.065202028 56.618106842
0.070637047 0.077605635 0.994478583 42.926788330 0.022887800 0.996580482 -0.079395354 -2.462683678 -0.997239411 0.028369678 0.068619274 56.696384430
0.075114213 0.075796910 0.994290054 43.720676422 0.021957241 0.996739447 -0.077642396 -2.516641617 -0.996933162 0.027663916 0.073205002 56.751506805
0.079945147 0.075746469 0.993917167 44.516796112 0.022231864 0.996725023 -0.077748671 -2.578096151 -0.996551394 0.028312255 0.077999339 56.817642212
0.084920958 0.078706704 0.993274212 45.301517487 0.019101864 0.996563375 -0.080600485 -2.641979694 -0.996204555 0.025818055 0.083125666 56.896198273
0.090477496 0.087187134 0.992074788 46.095958710 0.017050102 0.995878875 -0.089076422 -2.707992554 -0.995752573 0.024974383 0.088618070 56.989681244
0.097996511 0.092399560 0.990888000 46.890609741 0.015332249 0.995422006 -0.094338693 -2.764392853 -0.995068669 0.024437405 0.096131198 57.059169769
0.105331905 0.095379323 0.989852548 47.687213898 0.011108653 0.995214701 -0.097078107 -2.831609011 -0.994375050 0.021221351 0.103768341 57.153976440
0.112501495 0.093332857 0.989258528 48.499351501 0.007625305 0.995468438 -0.094785906 -2.904662371 -0.993622303 0.018206952 0.111280002 57.260719299
0.119662166 0.092277035 0.988517046 49.310203552 0.007759003 0.995553911 -0.093873180 -2.964630604 -0.992784321 0.018902972 0.118414156 57.375225067
0.126886234 0.088638179 0.987948954 50.129692078 0.007675812 0.995881796 -0.090335749 -3.035898924 -0.991887629 0.019045671 0.125683323 57.491771698
0.134759858 0.082777672 0.987414598 50.917896271 0.005268595 0.996430516 -0.084252559 -3.111713171 -0.990864277 0.016556147 0.133842692 57.583164215
0.141805381 0.075131655 0.987039208 51.733863831 0.002618639 0.997083664 -0.076272428 -3.176820993 -0.989890993 0.013400538 0.141195074 57.715309143
0.149146855 0.072641619 0.986143172 52.541934967 0.002945124 0.997260928 -0.073906012 -3.236346722 -0.988810718 0.013927161 0.148524389 57.847633362
0.156501278 0.074300334 0.984879076 53.348499298 0.002980287 0.997126400 -0.075697869 -3.298580170 -0.987673283 0.014782034 0.155830085 57.982669830
0.162313297 0.080628827 0.983439505 54.126647949 0.002334577 0.996621728 -0.082094915 -3.371696711 -0.986736596 0.015621007 0.161576718 58.109169006
0.167223871 0.085059203 0.982242823 54.907657623 0.001356433 0.996250570 -0.086503156 -3.414502859 -0.985917985 0.015797740 0.166481525 58.248748779
0.172200784 0.087907851 0.981131494 55.688087463 -0.000001664 0.996010065 -0.089240648 -3.483881950 -0.985061884 0.015365683 0.171513870 58.399951935
0.177590579 0.087497659 0.980206966 56.453506470 -0.002576845 0.996077418 -0.088447466 -3.547185659 -0.984101057 0.013181595 0.177119449 58.542480469
0.182892144 0.084312700 0.979511023 57.210720062 0.000974383 0.996299803 -0.085939750 -3.618194818 -0.983132482 0.016672125 0.182133257 58.679996490
0.187271968 0.077798642 0.979222417 57.972145081 0.001454486 0.996835709 -0.079476163 -3.677177906 -0.982306957 0.016307924 0.186566219 58.830459595
0.190627977 0.071849629 0.979029417 58.710857391 -0.000064449 0.997318804 -0.073179312 -3.732455492 -0.981662333 0.013886928 0.190121517 58.977359772
0.193758860 0.068790406 0.978634477 59.449161530 -0.003822439 0.997583985 -0.069365613 -3.784446001 -0.981041729 0.009699430 0.193553686 59.135246277
0.196856469 0.068920471 0.978006899 60.177913666 -0.005399187 0.997587323 -0.069213539 -3.837482452 -0.980417430 0.008344695 0.196753636 59.288772583
0.198800504 0.070891283 0.977472663 60.900714874 -0.007684697 0.997462392 -0.070778124 -3.890203476 -0.980009854 0.006559147 0.198840812 59.444450378
0.200192571 0.075329155 0.976856470 61.609107971 -0.011879657 0.997153282 -0.074459761 -3.945031404 -0.979684532 0.003301572 0.200517565 59.602432251
0.202610537 0.079037517 0.976064503 62.298789978 -0.011826129 0.996862411 -0.078266770 -4.000900745 -0.979187965 0.004314607 0.202909529 59.748062134
0.204462454 0.084339269 0.975234270 62.982265472 -0.012233642 0.996423781 -0.083606906 -4.055167198 -0.978797972 0.005163806 0.204763025 59.899524689
0.206253573 0.086572334 0.974661291 63.659969330 -0.011553538 0.996224463 -0.086042717 -4.106247425 -0.978430331 0.006485831 0.206475064 60.045280457
0.207709759 0.086312331 0.974375129 64.331413269 -0.014089858 0.996260107 -0.085247397 -4.163460255 -0.978088975 0.003977907 0.208149076 60.197570801
0.208372504 0.083248481 0.974500179 65.001586914 -0.013934217 0.996522486 -0.082150288 -4.222558975 -0.977950275 0.003538963 0.208807871 60.344432831
0.208982602 0.081062257 0.974553883 65.665077209 -0.014404056 0.996705472 -0.079816006 -4.278315067 -0.977813303 0.002642630 0.209461749 60.491741180
0.208849683 0.079448618 0.974715173 66.310951233 -0.013215410 0.996832848 -0.078419782 -4.335704803 -0.977858484 0.003496686 0.209238172 60.629150391
0.207433134 0.078560635 0.975089550 66.945938110 -0.013105684 0.996903837 -0.077530153 -4.385643959 -0.978161454 0.003303108 0.207820490 60.766399384
0.205776721 0.079476096 0.975366354 67.569961548 -0.014516632 0.996834993 -0.078162797 -4.437787533 -0.978491366 0.001925050 0.206279159 60.901378632
0.203435585 0.082460642 0.975609601 68.181823730 -0.015624845 0.996593595 -0.080976136 -4.489614487 -0.978963673 0.001229677 0.204031050 61.034755707
0.201220259 0.085712723 0.975788713 68.782028198 -0.013453262 0.996312261 -0.084741235 -4.545832157 -0.979453683 0.003924115 0.201631323 61.160472870
0.199876994 0.086900979 0.975959837 69.384727478 -0.011062107 0.996195853 -0.086437322 -4.586844921 -0.979758501 0.006480659 0.200077936 61.280826569
0.197706163 0.085827127 0.976496816 69.975036621 -0.011875342 0.996296227 -0.085163027 -4.632871151 -0.980189323 0.005241020 0.197993129 61.400577545
0.195515811 0.083121292 0.977171600 70.562728882 -0.012522494 0.996532023 -0.082262598 -4.680927753 -0.980620682 0.003847012 0.195878640 61.518463135
0.193332434 0.078917474 0.977954268 71.140151978 -0.012380240 0.996876657 -0.077996999 -4.735882282 -0.981055200 0.002972038 0.193705603 61.635257721
0.191287950 0.078105539 0.978421330 71.699668884 -0.008180424 0.996921122 -0.077982992 -4.781416893 -0.981499791 0.006913308 0.191337928 61.738853455
0.189726651 0.079620570 0.978603244 72.254127502 -0.004508502 0.996766567 -0.080224276 -4.823189259 -0.981826544 0.010808649 0.189472154 61.838298798
0.187375113 0.081570365 0.978895664 72.805252075 -0.000424863 0.996552646 -0.082960367 -4.865601063 -0.982288241 0.015128816 0.186763838 61.937763214
0.185555726 0.083497562 0.979079783 73.356124878 -0.001015553 0.996398985 -0.084782101 -4.906446457 -0.982633233 0.014737497 0.184972346 62.048473358
0.184418961 0.085956000 0.979081810 73.900604248 -0.001052070 0.996185005 -0.087259367 -4.950402737 -0.982847154 0.015062221 0.183805868 62.150524139
0.182844967 0.084687524 0.979487479 74.443466187 0.000193808 0.996279836 -0.086175606 -4.992187500 -0.983141720 0.015946606 0.182148397 62.255298615
0.183820486 0.083125934 0.979438603 74.992927551 0.006355693 0.996296406 -0.085749507 -5.033629894 -0.982939303 0.021987529 0.182611376 62.344390869
0.185905173 0.081426561 0.979187846 75.549621582 0.011202524 0.996319830 -0.084978074 -5.072459221 -0.982503772 0.026767237 0.184308812 62.446048737
0.187960610 0.080836333 0.978844345 76.106117249 0.013736491 0.996293485 -0.084915057 -5.117753506 -0.982080519 0.029406570 0.186153501 62.555294037
0.191197932 0.080765396 0.978223026 76.657653809 0.011056112 0.996368527 -0.084424503 -5.161023140 -0.981489182 0.026957132 0.189610660 62.669929504
0.196406528 0.080830686 0.977185130 77.221496582 0.009824774 0.996384084 -0.084393494 -5.214601994 -0.980473280 0.026176052 0.194902182 62.796733856
0.203176588 0.079706706 0.975892484 77.765586853 0.011651464 0.996413708 -0.083808571 -5.254717350 -0.979072750 0.028398516 0.201519236 62.902736664
0.210951388 0.080505945 0.974175692 78.333442688 0.009712071 0.996380866 -0.084444053 -5.290411472 -0.977448285 0.027274854 0.209406033 63.030357361
0.219204649 0.077990070 0.972556829 78.904441833 0.009933666 0.996570051 -0.082154669 -5.340758324 -0.975628376 0.027669739 0.217678085 63.172859192
0.228463829 0.077775665 0.970440745 79.481864929 0.006510520 0.996659458 -0.081409678 -5.386574745 -0.973530710 0.024917241 0.227194279 63.312797546
0.238034800 0.077935897 0.968124747 80.064170837 0.005349535 0.996655107 -0.081547938 -5.424047947 -0.971241951 0.024590265 0.236821681 63.465301514
0.247422189 0.081892855 0.965440750 80.656509399 -0.000711668 0.996436894 -0.084339701 -5.477695465 -0.968907535 0.020180440 0.246598870 63.633964539
0.257099748 0.083723165 0.962751269 81.248916626 -0.003087900 0.996306241 -0.085816555 -5.514562607 -0.966380000 0.019090533 0.256408602 63.798923492
0.267152190 0.086519353 0.959762514 81.836540222 -0.007217459 0.996113122 -0.087787241 -5.554511547 -0.963627279 0.016525501 0.266738266 63.992332458
0.277466834 0.088061117 0.956690848 82.450408936 -0.008478402 0.995976031 -0.089218244 -5.607804775 -0.960697770 0.016643891 0.277096897 64.179580688
0.287440091 0.089066386 0.953648448 83.076568604 -0.011412301 0.995914817 -0.089574084 -5.654049873 -0.957730591 0.014863857 0.287282258 64.378341675
0.297441125 0.089817978 0.950505912 83.707939148 -0.013143488 0.995855987 -0.089990355 -5.709126949 -0.954649687 0.014273864 0.297389001 64.590515137
0.307725191 0.090808861 0.947131991 84.334281921 -0.017295420 0.995804548 -0.089856148 -5.751753330 -0.951318085 0.011269955 0.308004647 64.804557800
0.318418115 0.086271055 0.944016576 84.998352051 -0.016458213 0.996203244 -0.085488863 -5.795868397 -0.947807491 0.011684377 0.318628997 65.035186768
0.329117835 0.078654021 0.941007435 85.657737732 -0.012963426 0.996807396 -0.078784093 -5.854763508 -0.944199920 0.013730569 0.329086691 65.265373230
0.340038896 0.074564762 0.937450707 86.317367554 -0.011630080 0.997108817 -0.075091451 -5.903792858 -0.940339386 0.014631388 0.339923054 65.508155823
0.350278527 0.071619064 0.933903396 86.999694824 -0.012780187 0.997344971 -0.071690820 -5.951814175 -0.936558366 0.013176293 0.350263894 65.774330139
0.359673589 0.069285758 0.930502236 87.685188293 -0.006589554 0.997402966 -0.071720123 -5.992977142 -0.933054924 0.019664239 0.359196097 66.040725708
0.368246377 0.063875064 0.927531421 88.386749268 0.000073972 0.997635126 -0.068732172 -6.031518459 -0.929728270 0.025378980 0.367370784 66.316909790
0.375371039 0.054437097 0.925274670 89.106353760 0.009801837 0.997984767 -0.062691368 -6.073762894 -0.926822782 0.032601912 0.374081016 66.596260071
0.381892055 0.050165582 0.922844470 89.808792114 0.014687489 0.998070240 -0.060332816 -6.119467258 -0.924090266 0.036594886 0.380418241 66.895698547
0.389709353 0.049878258 0.919586122 90.527992249 0.016740203 0.997983634 -0.061224822 -6.171421528 -0.920785666 0.039253954 0.388088554 67.190887451
0.397002548 0.056335438 0.916086912 91.234497070 0.019020461 0.997395158 -0.069578402 -6.210292339 -0.917620301 0.045047201 0.394896895 67.498306274
0.404113650 0.061175697 0.912660778 91.954589844 0.022193434 0.996811569 -0.076643273 -6.253118038 -0.914439559 0.051227666 0.401467413 67.816909790
0.409672648 0.063279726 0.910035193 92.662345886 0.020460621 0.996702731 -0.078517005 -6.302449703 -0.912003100 0.050786149 0.407027125 68.141921997
0.414038062 0.064132676 0.907997549 93.361145020 0.013831677 0.996956646 -0.076723047 -6.372112274 -0.910154462 0.044325385 0.411890805 68.471565247
0.417643547 0.068040006 0.906059861 94.047882080 0.006910838 0.996925652 -0.078049026 -6.429964542 -0.908584654 0.038858302 0.415889233 68.813545227
0.421808720 0.071092829 0.903893352 94.725898743 0.006160796 0.996673584 -0.081265122 -6.489952564 -0.906663895 0.039847042 0.419967562 69.136413574
0.425674766 0.075580187 0.901714265 95.388000488 0.002465317 0.996405125 -0.084680818 -6.546230793 -0.904872894 0.038269501 0.423958153 69.450538635
0.429209024 0.078246161 0.899809539 96.055168152 -0.000162993 0.996247113 -0.086554497 -6.605938911 -0.903205156 0.037003309 0.427611023 69.781105042
0.433182120 0.076770782 0.898030877 96.709709167 -0.001002711 0.996406257 -0.084697023 -6.658448696 -0.901305854 0.035788767 0.431702346 70.103034973
0.437547952 0.073423147 0.896192431 97.363616943 0.000455495 0.996642470 -0.081875198 -6.718416691 -0.899194896 0.036232542 0.436045438 70.420448303
0.440941662 0.070966735 0.894725740 98.012390137 0.000125238 0.996864259 -0.079129763 -6.770989418 -0.897535741 0.035003662 0.439550132 70.746215820
0.444275349 0.070143312 0.893140197 98.638595581 -0.001347087 0.996981442 -0.077628486 -6.833799362 -0.895889342 0.033285283 0.443028778 71.071907043
0.447814465 0.071761385 0.891242146 99.261260986 -0.003399644 0.996903539 -0.078560874 -6.887730122 -0.894120038 0.032150798 0.446671814 71.389533997
0.450377822 0.072018079 0.889928818 99.860359192 -0.002621338 0.996843874 -0.079343662 -6.944791317 -0.892834246 0.033401821 0.449145138 71.695625305
0.452895343 0.070264928 0.888790548 100.463386536 -0.000509188 0.996909797 -0.078553006 -6.995897770 -0.891563535 0.035123736 0.451531589 71.994529724
0.454813719 0.069220543 0.887892485 101.059448242 0.001515208 0.996913314 -0.078496009 -7.045248508 -0.890585303 0.037046399 0.453304917 72.295135498
0.456373870 0.069025651 0.887106717 101.637542725 0.000422824 0.996969461 -0.077791587 -7.095565796 -0.889788032 0.035877138 0.454961687 72.604728699
0.458414167 0.068309821 0.886109591 102.210617065 0.002058148 0.996957481 -0.077919789 -7.145143509 -0.888736308 0.037543278 0.456878841 72.898460388
0.460955948 0.070064321 0.884652793 102.776206970 0.001186864 0.996828854 -0.079567067 -7.196294785 -0.887422204 0.037726872 0.459411025 73.202713013
0.463821620 0.069462419 0.883201241 103.330604553 0.004853987 0.996707201 -0.080938615 -7.246359825 -0.885915339 0.041828129 0.461957186 73.497505188
0.466928750 0.069352835 0.881571174 103.872520447 0.005794189 0.996658504 -0.081475630 -7.296181202 -0.884275973 0.043151304 0.464966685 73.776618958
0.470124960 0.067413189 0.880021572 104.411003113 0.008871973 0.996667445 -0.081088305 -7.343422413 -0.882555246 0.045929167 0.467960149 74.054862976
0.473449975 0.066612490 0.878298283 104.942008972 0.010299942 0.996649444 -0.081140779 -7.388025761 -0.880760431 0.047462519 0.471177518 74.340713501
0.476456314 0.066048160 0.876713753 105.455802917 0.011578209 0.996616364 -0.081373408 -7.434347153 -0.879121900 0.048921645 0.474079430 74.627189636
0.480026335 0.064958021 0.874845743 105.970672607 0.011929614 0.996679127 -0.080550015 -7.488086224 -0.877172887 0.049102698 0.477657378 74.912704468
0.483431637 0.064444609 0.873006642 106.471054077 0.013527686 0.996617317 -0.081060469 -7.532899380 -0.875277519 0.050996955 0.480924577 75.191368103
0.487459570 0.065692417 0.870670736 106.979591370 0.013144315 0.996500671 -0.082545385 -7.579591274 -0.873046637 0.051681910 0.484890282 75.478561401
0.491318911 0.065888360 0.868483901 107.474945068 0.015056211 0.996343195 -0.084106095 -7.628396988 -0.870849609 0.054399002 0.488530189 75.765876770
0.496514529 0.069199041 0.865265727 107.968788147 0.013155124 0.996103048 -0.087211430 -7.673899174 -0.867928803 0.054684423 0.493669301 76.051132202
0.501729369 0.075047269 0.861763060 108.455200195 0.009475960 0.995692909 -0.092227668 -7.723583221 -0.864972770 0.054439362 0.498857170 76.348274231
0.507562041 0.082334541 0.857672274 108.936203003 0.004318732 0.995168149 -0.098089628 -7.769815922 -0.861604393 0.053490624 0.504754007 76.645309448
0.513388872 0.088630274 0.853566945 109.412147522 -0.001426364 0.994739115 -0.102430999 -7.825259686 -0.858154893 0.051369447 0.510814369 76.942329407
0.519697726 0.093351848 0.849234819 109.892341614 -0.005010419 0.994328439 -0.106235042 -7.873228550 -0.854335546 0.050955083 0.517217934 77.254562378
0.525191367 0.093359098 0.845847487 110.376281738 -0.008785736 0.994505823 -0.104311906 -7.926093578 -0.850938797 0.047352318 0.523126066 77.567047119
0.530690908 0.092848875 0.842464387 110.870826721 -0.015925255 0.994898379 -0.099617027 -7.979428768 -0.847415864 0.039449386 0.529462039 77.894775391
0.535994530 0.090309098 0.839377224 111.367736816 -0.022521826 0.995437622 -0.092718169 -8.041445732 -0.843921006 0.030792112 0.535583019 78.248603821
0.541987419 0.088412687 0.835722983 111.872306824 -0.028856166 0.995822072 -0.086635917 -8.096197128 -0.839891136 0.022839807 0.542274177 78.593475342
0.548111796 0.086678997 0.831901491 112.378196716 -0.031280808 0.996044040 -0.083171777 -8.140126228 -0.835819960 0.019564874 0.548654914 78.941040039
0.553896606 0.090208389 0.827684104 112.885337830 -0.036672063 0.995791674 -0.083988838 -8.190997124 -0.831777453 0.016168242 0.554873705 79.309516907
0.560121357 0.094288170 0.823027194 113.402938843 -0.040494524 0.995430171 -0.086480066 -8.234430313 -0.827420235 0.015111236 0.561379850 79.671745300
0.566765010 0.097596869 0.818078339 113.929893494 -0.043022741 0.995109856 -0.088910587 -8.278782845 -0.822755337 0.015195439 0.568192422 80.042060852
0.572866201 0.099942185 0.813532948 114.462364197 -0.045704730 0.994889081 -0.090037748 -8.329030037 -0.818373621 0.014397288 0.574506164 80.434150696
