1.000000000 0.000000000 0.000000000 0.000000000 0.000000000 1.000000000 0.000000000 0.000000000 0.000000000 0.000000000 1.000000000 0.000000000
0.999998689 0.000735737 0.001450425 -0.006356494 -0.000729147 0.999989450 -0.004538709 -0.002574973 -0.001453749 0.004537646 0.999988675 0.964855552
0.999996781 -0.001379181 0.002140100 -0.002214388 0.001390630 0.999984682 -0.005357788 -0.000528266 -0.002132678 0.005360747 0.999983370 1.918921709
0.999993503 -0.002413362 0.002683941 -0.009539232 0.002416822 0.999996185 -0.001286798 -0.004030729 -0.002680826 0.001293276 0.999995589 2.858737230
0.999986112 -0.004810550 0.002151638 -0.007997421 0.004799984 0.999976516 0.004889527 -0.007718289 -0.002175109 -0.004879131 0.999985754 3.806386232
0.999963820 -0.008485725 0.000564276 -0.004482468 0.008482769 0.999951243 0.005047331 -0.005649988 -0.000607079 -0.005042362 0.999987125 4.743666172
0.999938846 -0.011056959 -0.000158578 -0.006240004 0.011057252 0.999936819 0.001994699 -0.001490129 0.000136513 -0.001996330 0.999997973 5.671918869
0.999929070 -0.011854700 -0.001126025 -0.009400986 0.011852732 0.999928296 -0.001738515 0.005445239 0.001146554 0.001725044 0.999997795 6.600960732
0.999935925 -0.011221441 -0.001498538 -0.017653048 0.011218644 0.999935329 -0.001861733 -0.001718010 0.001519333 0.001844802 0.999997079 7.522861004
0.999933898 -0.011164223 -0.002761744 -0.024381688 0.011164223 0.999937594 -0.000015798 -0.001173680 0.002761748 -0.000015036 0.999996185 8.437670708
0.999938428 -0.010667921 -0.003059030 -0.036608238 0.010675878 0.999939561 0.002596634 0.003792202 0.003031145 -0.002629132 0.999991953 9.377990723
0.999933004 -0.010943165 -0.003780200 -0.047735404 0.010958910 0.999931216 0.004170152 0.006026954 0.003734305 -0.004211300 0.999984145 10.300388336
0.999915659 -0.012105959 -0.004700052 -0.049043346 0.012129298 0.999914050 0.004969362 0.006964054 0.004639489 -0.005025952 0.999976635 11.211358070
0.999908686 -0.012278698 -0.005650995 -0.056480475 0.012307898 0.999911010 0.005161651 0.007668836 0.005587114 -0.005230733 0.999970734 12.126525879
0.999898493 -0.012817517 -0.006218767 -0.066849723 0.012839028 0.999911726 0.003431407 0.014425216 0.006174235 -0.003510902 0.999974847 13.026152611
0.999882519 -0.013401309 -0.007436575 -0.078251392 0.013412495 0.999908924 0.001456297 0.020808000 0.007416383 -0.001555868 0.999971271 13.937177658
0.999850333 -0.014679307 -0.009156162 -0.087032460 0.014679219 0.999892235 -0.000076943 0.027079880 0.009156305 -0.000057474 0.999958098 14.842800140
0.999840438 -0.014318787 -0.010678235 -0.105418123 0.014312576 0.999897361 -0.000657778 0.026882818 0.010686559 0.000504840 0.999942720 15.752846718
0.999839664 -0.013240366 -0.012054270 -0.121922851 0.013221863 0.999911249 -0.001613459 0.026987033 0.012074566 0.001453821 0.999926031 16.651092529
0.999834120 -0.012017210 -0.013687396 -0.136362463 0.011998750 0.999926984 -0.001430016 0.025676223 0.013703583 0.001265547 0.999905229 17.530717850
0.999803722 -0.012563533 -0.015321483 -0.152592033 0.012552965 0.999920905 -0.000785698 0.027851881 0.015330142 0.000593213 0.999882281 18.423803329
0.999787748 -0.012143100 -0.016640041 -0.175558820 0.012157610 0.999925733 0.000771069 0.025288429 0.016629443 -0.000973208 0.999861240 19.314161301
0.999763370 -0.011795288 -0.018274330 -0.193010196 0.011821189 0.999929309 0.001309950 0.026424127 0.018257586 -0.001525664 0.999832153 20.194969177
0.999725819 -0.012583588 -0.019747252 -0.210763052 0.012616121 0.999919176 0.001523696 0.022471348 0.019726487 -0.001772412 0.999803841 21.077672958
0.999689400 -0.012448454 -0.021589831 -0.232538730 0.012467417 0.999921978 0.000743894 0.027059276 0.021578887 -0.001012832 0.999766648 21.950098038
0.999657810 -0.012649391 -0.022901082 -0.253670424 0.012682909 0.999918699 0.001318946 0.026910547 0.022882536 -0.001608946 0.999736845 22.813009262
0.999643028 -0.012523714 -0.023601888 -0.281359494 0.012593644 0.999916732 0.002816538 0.034341574 0.023564650 -0.003112766 0.999717534 23.665596008
0.999607563 -0.013623185 -0.024477795 -0.300437808 0.013773249 0.999887288 0.005972526 0.033692252 0.024393672 -0.006307321 0.999682546 24.508211136
0.999576330 -0.013930768 -0.025557997 -0.319480300 0.014133608 0.999869883 0.007772968 0.035529893 0.025446391 -0.008130902 0.999643147 25.348936081
0.999579310 -0.013199667 -0.025825771 -0.353265971 0.013368861 0.999890149 0.006389722 0.038788054 0.025738591 -0.006732295 0.999646008 26.175685883
0.999590456 -0.011117136 -0.026366951 -0.380709857 0.011223344 0.999929488 0.003883469 0.040945504 0.026321918 -0.004177804 0.999644756 26.985424042
0.999575615 -0.010542240 -0.027156767 -0.406001598 0.010600780 0.999941826 0.002012552 0.046586026 0.027133968 -0.002299580 0.999629140 27.786262512
0.999565661 -0.009516378 -0.027888436 -0.436620682 0.009565157 0.999952972 0.001616202 0.050258372 0.027871741 -0.001882258 0.999609709 28.581243515
0.999521315 -0.009927603 -0.029299546 -0.460568845 0.009972581 0.999949336 0.001389329 0.044766087 0.029284270 -0.001680856 0.999569714 29.365930557
0.999445021 -0.010148441 -0.031724762 -0.485697478 0.010165770 0.999948382 0.000385029 0.045170613 0.031719215 -0.000707322 0.999496579 30.141901016
0.999399543 -0.009579750 -0.033297542 -0.519006193 0.009595431 0.999953926 0.000311223 0.046390906 0.033293024 -0.000630540 0.999445379 30.907417297
0.999330282 -0.009788603 -0.035259183 -0.542344272 0.009844579 0.999950469 0.001414323 0.050166547 0.035243604 -0.001760487 0.999377191 31.673831940
0.999245048 -0.010118001 -0.037507210 -0.571382105 0.010265307 0.999940276 0.003736938 0.051630583 0.037467167 -0.004119141 0.999289334 32.426837921
0.999182940 -0.008964112 -0.039408084 -0.606915534 0.009176526 0.999944270 0.005212540 0.054595679 0.039359167 -0.005569911 0.999209583 33.178825378
0.999125659 -0.007861720 -0.041062616 -0.640370071 0.008090573 0.999952614 0.005410076 0.053024039 0.041018136 -0.005737566 0.999141872 33.896080017
0.999068558 -0.005503426 -0.042797655 -0.682006121 0.005711153 0.999972582 0.004732986 0.052990608 0.042770434 -0.004973003 0.999072492 34.603157043
0.998979986 -0.003287829 -0.045036413 -0.712765753 0.003469442 0.999986112 0.003954996 0.059597436 0.045022793 -0.004107214 0.998977482 35.319175720
0.998909831 -0.003349529 -0.046560802 -0.745225787 0.003586508 0.999981046 0.005007050 0.060371291 0.046543147 -0.005168581 0.998902917 36.027271271
0.998875022 -0.001739646 -0.047389284 -0.792547107 0.002067085 0.999974370 0.006861430 0.064207293 0.047376130 -0.006951668 0.998852968 36.705245972
0.998871148 0.001089607 -0.047489662 -0.829114377 -0.000745777 0.999973416 0.007257215 0.068401821 0.047496304 -0.007213606 0.998845339 37.395988464
0.998905599 0.003612843 -0.046630204 -0.856680810 -0.003372238 0.999980509 0.005237504 0.071067080 0.046648216 -0.005074524 0.998898506 38.071914673
0.998974860 0.005354246 -0.044948366 -0.892120361 -0.005263632 0.999983847 0.002134110 0.073181413 0.044959061 -0.001895330 0.998987079 38.712757111
0.999056995 0.005689929 -0.043043122 -0.917292356 -0.005690844 0.999983788 0.000101289 0.081507370 0.043043002 0.000143759 0.999073267 39.369415283
0.999191403 0.006648693 -0.039651129 -0.951245546 -0.006604371 0.999977350 0.001248662 0.077675454 0.039658528 -0.000985782 0.999212801 40.005455017
0.999253809 0.011433358 -0.036892351 -0.977426946 -0.011302836 0.999929130 0.003744489 0.081058212 0.036932547 -0.003324708 0.999312222 40.660446167
0.999330223 0.015548999 -0.033123672 -1.003087759 -0.015319687 0.999856889 0.007165559 0.083110124 0.033230353 -0.006653316 0.999425590 41.286491394
0.999375105 0.020968290 -0.028453453 -1.034637690 -0.020747861 0.999752522 0.008020337 0.087634459 0.028614586 -0.007424977 0.999562979 41.887088776
0.999432206 0.024365582 -0.023269013 -1.054466367 -0.024176946 0.999672771 0.008354032 0.092208467 0.023464946 -0.007786717 0.999694347 42.475093842
0.999450743 0.028302521 -0.017236033 -1.071887255 -0.028128546 0.999551773 0.010253710 0.097386293 0.017518511 -0.009763254 0.999798894 43.046005249
0.999382496 0.033434745 -0.010798395 -1.082448721 -0.033307180 0.999375820 0.011784522 0.091725327 0.011185662 -0.011417583 0.999872267 43.601547241
0.999311328 0.036919128 -0.003707831 -1.089223742 -0.036874443 0.999254048 0.011473948 0.095373891 0.004128673 -0.011329323 0.999927282 44.132595062
0.999177933 0.040364325 0.003768399 -1.095000029 -0.040405389 0.999116659 0.011543505 0.095831998 -0.003299128 -0.011686278 0.999926329 44.636669159
0.998969972 0.044102043 0.010675278 -1.083014250 -0.044220507 0.998959959 0.011127684 0.098743804 -0.010173422 -0.011588290 0.999881089 45.134559631
0.998668849 0.048143562 0.018515915 -1.081601143 -0.048298631 0.998800695 0.008020689 0.106733471 -0.018107567 -0.008904305 0.999796450 45.608013153
0.998364687 0.050637212 0.026530758 -1.073597312 -0.050796561 0.998694599 0.005366361 0.102544561 -0.026224388 -0.006705258 0.999633610 46.058879852
0.998110473 0.050950676 0.034342762 -1.056538820 -0.051147126 0.998679280 0.004865460 0.108013086 -0.034049507 -0.006612800 0.999398291 46.488746643
0.997842014 0.050131403 0.042405717 -1.034093976 -0.050442368 0.998707116 0.006294590 0.108396053 -0.042035338 -0.008420052 0.999080598 46.887443542
0.997365236 0.052192789 0.050384220 -1.013052344 -0.052616037 0.998589396 0.007110017 0.109777562 -0.049942065 -0.009742301 0.998704612 47.273475647
0.996722221 0.055203360 0.059139080 -0.997354567 -0.055737212 0.998417914 0.007414659 0.106634468 -0.058636211 -0.010686602 0.998222232 47.638206482
0.995914161 0.060116112 0.067387454 -0.967523038 -0.060687140 0.998135865 0.006457150 0.113098942 -0.066873662 -0.010520319 0.997706056 47.966690063
0.995000958 0.063986443 0.076673277 -0.948085785 -0.064701788 0.997880936 0.006879721 0.106736183 -0.076070584 -0.011806226 0.997032464 48.268154144
0.994274676 0.063238367 0.086131394 -0.919221103 -0.064130224 0.997912347 0.007624450 0.104292229 -0.085469432 -0.013104423 0.996254563 48.550590515
0.993402898 0.061890375 0.096542120 -0.877718568 -0.062725812 0.998014867 0.005639908 0.105417170 -0.096001409 -0.011658383 0.995312870 48.829410553
0.992272675 0.060421444 0.108370490 -0.845326126 -0.060915474 0.998142064 0.001251057 0.101373322 -0.108093560 -0.007842829 0.994109809 49.087898254
0.990671217 0.061410524 0.121651992 -0.803453088 -0.061510149 0.998102129 -0.002939869 0.103642397 -0.121601656 -0.004570387 0.992568433 49.354949951
0.988540530 0.062896974 0.137228131 -0.764544070 -0.062780425 0.998013914 -0.005181598 0.102251261 -0.137281477 -0.003493020 0.990525901 49.620620728
0.986060739 0.064781472 0.153256536 -0.713406563 -0.064558893 0.997893095 -0.006433687 0.098352522 -0.153350428 -0.003550067 0.988165498 49.866294861
0.983254135 0.065321244 0.170130804 -0.658027053 -0.064974889 0.997857869 -0.007608769 0.097889163 -0.170263380 -0.003572877 0.985392094 50.125114441
0.979993105 0.064241648 0.188378841 -0.600246310 -0.063669123 0.997929633 -0.009095161 0.101615816 -0.188573107 -0.003080723 0.982054353 50.385627747
0.976106048 0.063577063 0.207785830 -0.533591926 -0.063038051 0.997968554 -0.009221438 0.095130362 -0.207949996 -0.004097312 0.978130877 50.624126434
0.971629143 0.063632406 0.227789029 -0.456818700 -0.062943406 0.997964025 -0.010295513 0.089591272 -0.227980360 -0.004334397 0.973656118 50.860939026
0.966324866 0.065892957 0.248745769 -0.379405797 -0.064750083 0.997819602 -0.012782863 0.091277704 -0.249045700 -0.003753910 0.968484402 51.098396301
0.960069358 0.067456767 0.271507949 -0.297396570 -0.065952726 0.997714877 -0.014671558 0.083264582 -0.271877199 -0.003820976 0.962324381 51.332168579
0.952815950 0.068557441 0.295705229 -0.205414563 -0.066889495 0.997635841 -0.015765633 0.073524460 -0.296086967 -0.004757825 0.955149055 51.575504303
0.944360435 0.071149662 0.321124673 -0.104290254 -0.069465898 0.997444391 -0.016713072 0.067935504 -0.321493119 -0.006524048 0.946889460 51.808704376
0.934434891 0.073381439 0.348491728 0.002623937 -0.071703903 0.997268438 -0.017728830 0.058204953 -0.348840773 -0.008421781 0.937144220 52.049324036
0.923222959 0.074143924 0.377043635 0.121762745 -0.072261125 0.997201681 -0.019157775 0.051384881 -0.377408981 -0.009558696 0.925997317 52.288154602
0.910679281 0.072056122 0.406781495 0.263557315 -0.069404036 0.997361422 -0.021291953 0.042852249 -0.407242388 -0.008842137 0.913277328 52.519687653
0.895794511 0.069427133 0.439012647 0.412029862 -0.065532677 0.997560740 -0.024040235 0.035093140 -0.439610869 -0.007234567 0.898159206 52.753360748
0.878440440 0.068855271 0.472864836 0.566822708 -0.063011721 0.997614026 -0.028208762 0.026049698 -0.473679006 -0.005016311 0.880683303 52.970962524
0.858960927 0.070687935 0.507138371 0.736013293 -0.062298540 0.997494519 -0.033519093 0.021086467 -0.508237123 -0.002802390 0.861212611 53.204799652
0.837195039 0.072464623 0.542082489 0.920083523 -0.061639711 0.997369826 -0.038129948 0.011408865 -0.543419719 -0.001491600 0.839459836 53.430461884
0.812557638 0.075386651 0.577985108 1.118303776 -0.062742919 0.997151792 -0.041851748 0.004649547 -0.579493880 -0.002257517 0.814973414 53.659664154
0.785066664 0.079409532 0.614300013 1.329202890 -0.065768272 0.996828377 -0.044807412 -0.008210718 -0.615909755 -0.005224643 0.787799418 53.892024994
0.755087435 0.083839141 0.650241494 1.554251552 -0.069504224 0.996437430 -0.047764875 -0.022885155 -0.651929498 -0.009127867 0.758224607 54.122077942
0.722029626 0.084786087 0.686647296 1.811121225 -0.068966344 0.996339679 -0.050506271 -0.040113412 -0.688416123 -0.010888532 0.725234210 54.354961395
0.685436428 0.082412042 0.723453641 2.097766638 -0.065481618 0.996525049 -0.051478308 -0.060852375 -0.725182056 -0.012087812 0.688451111 54.583133698
0.646247625 0.080604851 0.758858919 2.385673761 -0.062268060 0.996659935 -0.052835941 -0.083955191 -0.760583103 -0.013107565 0.649108231 54.786869049
0.603611410 0.079836063 0.793271363 2.718455076 -0.060171083 0.996697843 -0.054524180 -0.107372716 -0.795004845 -0.014820578 0.606422007 55.007164001
0.557496727 0.079904035 0.826324821 3.084077358 -0.056758538 0.996696770 -0.058085401 -0.124471538 -0.828236520 -0.014518559 0.560190558 55.217643738
0.508674145 0.078519709 0.857371151 3.450901985 -0.053528108 0.996790230 -0.059530031 -0.151862130 -0.859293461 -0.015612070 0.511244535 55.410514832
0.460138917 0.077045023 0.884497702 3.879820347 -0.051813100 0.996860027 -0.059877932 -0.170117974 -0.886333764 -0.018276408 0.462686062 55.600524902
0.411160618 0.074511983 0.908512473 4.314118385 -0.050775778 0.996978343 -0.058788221 -0.193297803 -0.910147667 -0.021959027 0.413701594 55.758155823
0.360294878 0.074279748 0.929876447 4.772545338 -0.053973388 0.996814668 -0.058714058 -0.215333492 -0.931275666 -0.029034207 0.363156378 55.927440643
0.310751617 0.075030588 0.947525024 5.223716736 -0.052751437 0.996704340 -0.061624475 -0.237111062 -0.949026167 -0.030833410 0.313685507 56.050632477
0.263999969 0.071583360 0.961862624 5.704647541 -0.041323405 0.997165859 -0.062868752 -0.267402560 -0.963637054 -0.023150094 0.266209871 56.133190155
0.219964072 0.065925941 0.973277807 6.221957684 -0.027841002 0.997731626 -0.061290201 -0.292132974 -0.975110590 -0.013615387 0.221300542 56.208099365
0.177502960 0.064855993 0.981980860 6.748827934 -0.019208847 0.997864306 -0.062432848 -0.323474437 -0.983932793 -0.007780705 0.178369656 56.278339386
0.139099628 0.066345014 0.988053441 7.250875473 -0.016235884 0.997772038 -0.064711861 -0.350135475 -0.990145266 -0.007040523 0.139866859 56.317245483
0.106326811 0.067164592 0.992060244 7.793739319 -0.007429400 0.997741878 -0.066752985 -0.382380813 -0.994303465 -0.000272779 0.106585689 56.349315643
0.077404417 0.065253422 0.994862080 8.356509209 -0.000188274 0.997856796 -0.065435201 -0.420057476 -0.996999681 0.004877668 0.077250823 56.370021820
0.052508071 0.063520163 0.996598184 8.929627419 0.006512302 0.997931957 -0.063948289 -0.454448670 -0.998599231 0.009847949 0.051985808 56.382652283
0.032679971 0.062786564 0.997491717 9.489111900 0.011540991 0.997934759 -0.063192546 -0.477299780 -0.999399245 0.013577173 0.031887848 56.376373291
0.016991230 0.064718142 0.997758865 10.078869820 0.014729687 0.997778535 -0.064970262 -0.501596987 -0.999747157 0.015800601 0.016000202 56.373447418
0.003248986 0.064358719 0.997921467 10.664443970 0.014632946 0.997816920 -0.064399615 -0.539909005 -0.999887705 0.014811765 0.002300136 56.368972778
-0.007961798 0.065323137 0.997832417 11.273886681 0.016089521 0.997743189 -0.065188929 -0.573729753 -0.999838889 0.015535626 -0.008994844 56.352573395
-0.017352717 0.068192892 0.997521222 11.902840614 0.020909118 0.997477949 -0.067826197 -0.609786034 -0.999630749 0.019680317 -0.018734807 56.343074799
-0.023735560 0.070039533 0.997261763 12.531949997 0.025004718 0.997272313 -0.069445141 -0.645606518 -0.999405503 0.023287931 -0.025422135 56.315135956
-0.028477591 0.069509327 0.997174799 13.178008080 0.025401896 0.997307479 -0.068793155 -0.680753052 -0.999271631 0.023371067 -0.030166583 56.300220490
-0.032281157 0.066851996 0.997240603 13.830609322 0.023164898 0.997542560 -0.066122383 -0.711496830 -0.999210298 0.020966470 -0.033750448 56.286102295
-0.034546066 0.060094297 0.997594714 14.524314880 0.021363946 0.998006880 -0.059379295 -0.750967562 -0.999174714 0.019261239 -0.035761055 56.261116028
-0.035573561 0.054568969 0.997876048 15.211380005 0.022634016 0.998296082 -0.053785034 -0.784071803 -0.999110699 0.020672621 -0.036748052 56.232250214
-0.036221128 0.051752504 0.998002768 15.888153076 0.024931155 0.998394191 -0.050867952 -0.819852293 -0.999032676 0.023038872 -0.037453208 56.206317902
-0.036269467 0.053987604 0.997882724 16.601243973 0.028268622 0.998195529 -0.052977066 -0.860093772 -0.998942137 0.026287319 -0.037730176 56.184131622
-0.034925491 0.061753169 0.997480214 17.313032150 0.029208476 0.997725904 -0.060745679 -0.884508789 -0.998962998 0.027013306 -0.036649778 56.151226044
-0.033190150 0.069280572 0.997044861 18.015594482 0.030244950 0.997207284 -0.068285048 -0.931170046 -0.998991311 0.027889185 -0.035192851 56.130294800
-0.031334616 0.069874875 0.997063518 18.734361649 0.031122016 0.997137845 -0.068902023 -0.966301382 -0.999024332 0.028871607 -0.033419587 56.115745544
-0.028670758 0.065496534 0.997440815 19.477367401 0.030351689 0.997448027 -0.064624570 -1.008297682 -0.999128044 0.028421182 -0.030585520 56.087257385
-0.026474001 0.059305109 0.997888744 20.215761185 0.029867690 0.997839928 -0.058509808 -1.048059344 -0.999203205 0.028255651 -0.028188121 56.073589325
-0.023692606 0.057731658 0.998050988 20.964759827 0.028051926 0.997976482 -0.057061423 -1.093831420 -0.999325633 0.026645321 -0.025264148 56.062732697
-0.020079434 0.063381903 0.997787356 21.697547913 0.035709452 0.997397244 -0.062638514 -1.133381248 -0.999160528 0.034372695 -0.022290504 56.035648346
-0.016951242 0.068468720 0.997509241 22.427780151 0.037721295 0.996986151 -0.067791797 -1.178366303 -0.999144495 0.036478184 -0.019482881 56.023929596
-0.014583997 0.069341727 0.997486353 23.163936615 0.031338580 0.997133970 -0.068859041 -1.217748880 -0.999402404 0.030255567 -0.016715270 56.025917053
-0.011639524 0.065479472 0.997786164 23.922164917 0.026731245 0.997517407 -0.065150000 -1.269690037 -0.999574900 0.025913749 -0.013360974 56.034400940
-0.006698600 0.062192891 0.998041689 24.664958954 0.030850360 0.997601867 -0.061958417 -1.314038157 -0.999501586 0.030374911 -0.008601207 56.023536682
-0.002679224 0.062759109 0.998025060 25.401447296 0.035520744 0.997404933 -0.062624730 -1.363346338 -0.999365270 0.035282809 -0.004901520 56.007518768
-0.000237486 0.067259006 0.997735560 26.135829926 0.035109174 0.997121096 -0.067209214 -1.412176967 -0.999383450 0.035013709 -0.002598210 56.018283844
0.003526977 0.068130158 0.997670174 26.897926331 0.031260878 0.997181416 -0.068207271 -1.455280066 -0.999505043 0.031428616 0.001387227 56.026508331
0.007128815 0.067350902 0.997703910 27.650129318 0.030452771 0.997251868 -0.067537978 -1.503914833 -0.999510825 0.030864319 0.005058201 56.037715912
0.010674939 0.064495996 0.997860849 28.385974884 0.034546681 0.997298241 -0.064829201 -1.547368526 -0.999346018 0.035164833 0.008417976 56.043575287
0.014675546 0.064946778 0.997780859 29.136451721 0.038906399 0.997095466 -0.065474406 -1.596745849 -0.999135077 0.039780930 0.012106075 56.045013428
0.017902821 0.065470435 0.997693837 29.895170212 0.042503819 0.996901929 -0.066181175 -1.655822754 -0.998935878 0.043590631 0.015064612 56.060256958
0.020616621 0.065504730 0.997639298 30.644378662 0.042899203 0.996874392 -0.066341057 -1.699632406 -0.998866677 0.044165660 0.017742084 56.078384399
0.024317387 0.063892685 0.997660398 31.392574310 0.044453122 0.996899366 -0.064927466 -1.746527433 -0.998715460 0.045927990 0.021401757 56.096389771
0.027680809 0.062970713 0.997631431 32.132156372 0.046354607 0.996859372 -0.064208165 -1.792838931 -0.998541415 0.048022144 0.024674889 56.118049622
0.030531898 0.062887095 0.997553647 32.884960175 0.044649426 0.996936738 -0.064214796 -1.843299508 -0.998536050 0.046500783 0.027630502 56.140705109
0.033674154 0.064647809 0.997339845 33.633499146 0.041546553 0.996952593 -0.066025488 -1.886785746 -0.998569012 0.043659382 0.030885641 56.174201965
0.036652058 0.064863347 0.997220874 34.387332916 0.043491419 0.996842325 -0.066437215 -1.928474665 -0.998381257 0.045805607 0.033715323 56.195930481
0.039102770 0.064365506 0.997160017 35.145320892 0.041272588 0.996967614 -0.065971553 -1.977928400 -0.998382390 0.043735038 0.036327668 56.238662720
0.041211352 0.065186843 0.997021675 35.897171021 0.039325297 0.996990442 -0.066810288 -2.016796589 -0.998376250 0.041961517 0.038523834 56.278881073
0.044137545 0.064822882 0.996920109 36.668521881 0.036795180 0.997110069 -0.066464305 -2.070607901 -0.998347640 0.039615434 0.041624818 56.314933777
0.047822200 0.066957898 0.996609032 37.433475494 0.035415303 0.997009516 -0.068684213 -2.115118265 -0.998227835 0.038579840 0.045307860 56.350643158
0.050783541 0.070865296 0.996192276 38.197189331 0.034056503 0.996776342 -0.072642960 -2.159820557 -0.998128891 0.037615895 0.048206415 56.400745392
0.053924963 0.072372548 0.995918870 38.967075348 0.034551486 0.996637523 -0.074295595 -2.218765736 -0.997947037 0.038416851 0.051243063 56.451339722
0.056580886 0.074412487 0.995621085 39.741527557 0.028419750 0.996694505 -0.076107793 -2.272638083 -0.997993410 0.032601550 0.054279070 56.511665344
0.059309639 0.073895335 0.995500803 40.528518677 0.024712110 0.996842027 -0.075467184 -2.319817066 -0.997933626 0.029076856 0.057296235 56.565841675
0.063194834 0.074267350 0.995234013 41.303104401 0.027242260 0.996727347 -0.076108590 -2.375642061 -0.997629344 0.031922091 0.060964804 56.618354797
0.067250572 0.075882763 0.994846344 42.076774597 0.026205307 0.996625304 -0.077789918 -2.426730394 -0.997391880 0.031301662 0.065035090 56.666065216
0.070611097 0.076202445 0.994588971 42.861801147 0.022210820 0.996710420 -0.077941842 -2.486367941 -0.997256577 0.027594196 0.068686299 56.744453430
0.074617431 0.074411295 0.994432151 43.659770966 0.021273611 0.996866345 -0.076189719 -2.538973093 -0.996985316 0.026840242 0.072800606 56.813056946
0.079529539 0.074364237 0.994054854 44.473350525 0.021586986 0.996851146 -0.076300502 -2.603804111 -0.996598721 0.027526792 0.077673815 56.867904663
0.084837854 0.077940658 0.993341804 45.267822266 0.018507315 0.996640623 -0.079780146 -2.659845829 -0.996222854 0.025152465 0.083110385 56.941894531
0.090591066 0.086578302 0.992117703 46.065147400 0.016385997 0.995949447 -0.088408910 -2.721273661 -0.995753288 0.024265895 0.088805452 57.030967712
0.097610362 0.091380410 0.991020679 46.845550537 0.015426943 0.995517135 -0.093314499 -2.780524969 -0.995105028 0.024396881 0.095763072 57.119758606
0.104742058 0.094311774 0.990017414 47.622463226 0.010091095 0.995341122 -0.095886558 -2.851010084 -0.994448185 0.020033715 0.103302360 57.213703156
0.112089261 0.092482433 0.989385188 48.429691315 0.007291154 0.995556295 -0.093885317 -2.917757034 -0.993671358 0.017737299 0.110916875 57.307449341
0.119481206 0.091310628 0.988628685 49.238597870 0.007223406 0.995655477 -0.092832632 -2.981021166 -0.992810190 0.018233022 0.118302546 57.414657593
0.127439812 0.087259322 0.988000512 50.063972473 0.006833543 0.996021628 -0.088849187 -3.055488825 -0.991822720 0.018074468 0.126336530 57.518611908
0.134644091 0.081681661 0.987521768 50.877315521 0.004733749 0.996532202 -0.083072387 -3.125693083 -0.990882695 0.015859885 0.133790523 57.642734528
0.142640546 0.074648216 0.986955583 51.685520172 0.002181959 0.997125685 -0.075732775 -3.180175066 -0.989772201 0.012956060 0.142067671 57.755767822
0.149548590 0.072200023 0.986114860 52.480014801 0.001717610 0.997309864 -0.073280171 -3.244135141 -0.988752902 0.012652705 0.149022281 57.889427185
0.156182989 0.073733993 0.984972179 53.302268982 0.001654995 0.997188866 -0.074910946 -3.309737682 -0.987726748 0.013329942 0.155621931 58.032344818
0.162309065 0.080507562 0.983450234 54.092563629 0.002075951 0.996635973 -0.081929587 -3.366376400 -0.986737788 0.015339511 0.161595941 58.162578583
0.166989297 0.084009290 0.982373178 54.873580933 0.000424042 0.996357203 -0.085277230 -3.426597834 -0.985958636 0.014656953 0.166345343 58.309299469
0.171876982 0.086529978 0.981310785 55.656837463 -0.000356588 0.996140361 -0.087775171 -3.494001150 -0.985118389 0.014736606 0.171244428 58.462162018
0.177267119 0.086444810 0.980358958 56.426204681 -0.002381417 0.996169746 -0.087408356 -3.550892830 -0.984159887 0.013159985 0.176794007 58.610404968
0.182562038 0.083582520 0.979635179 57.174907684 0.000373565 0.996374011 -0.085080303 -3.627087593 -0.983194232 0.015898390 0.181868881 58.733627319
0.187058419 0.076797836 0.979342282 57.934215546 0.001658837 0.996913373 -0.078492552 -3.682702303 -0.982347429 0.016307263 0.186353654 58.880882263
0.190676033 0.070890300 0.979090035 58.688232422 -0.000114450 0.997390687 -0.072193071 -3.738573074 -0.981653035 0.013653427 0.190186590 59.029121399
0.193729088 0.067593589 0.978723705 59.424949646 -0.003918120 0.997668982 -0.068126462 -3.795921087 -0.981047213 0.009363317 0.193542346 59.190116882
0.197077304 0.067502692 0.978061318 60.154556274 -0.005580368 0.997687876 -0.067732833 -3.848948717 -0.980372071 0.007890660 0.196998343 59.337356567
0.198866516 0.069585413 0.977553189 60.868621826 -0.007314350 0.997553647 -0.069521151 -3.896858454 -0.979999244 0.006675263 0.198889047 59.495685577
0.200306341 0.074045248 0.976931274 61.571075439 -0.011483043 0.997248828 -0.073230773 -3.947644234 -0.979665995 0.003450444 0.200605571 59.651100159
0.202514946 0.078147762 0.976156116 62.258865356 -0.012667348 0.996936440 -0.077183381 -3.999019861 -0.979197204 0.003265479 0.202884465 59.801147461
0.204052314 0.083202481 0.975417912 62.936683655 -0.012685117 0.996522784 -0.082349062 -4.052768707 -0.978877783 0.004430227 0.204398230 59.957824707
0.205686808 0.085363284 0.974887729 63.614479065 -0.012422390 0.996335804 -0.084620386 -4.107946873 -0.978539050 0.005294862 0.205993563 60.104244232
0.207206741 0.084915988 0.974604905 64.277297974 -0.014625649 0.996383309 -0.083704025 -4.162910461 -0.978187919 0.003089808 0.207699299 60.249820709
0.208103880 0.082122423 0.974653125 64.954284668 -0.014601656 0.996618867 -0.080855533 -4.217519760 -0.977997720 0.002594798 0.208599359 60.397285461
0.208727464 0.079601102 0.974728942 65.608306885 -0.014618820 0.996824622 -0.078275077 -4.270579338 -0.977864623 0.002088770 0.209228352 60.538932800
0.208834663 0.078477211 0.974797130 66.259826660 -0.013368776 0.996910930 -0.077393465 -4.319598198 -0.977859557 0.003130595 0.209238723 60.681201935
0.207457021 0.077856123 0.975141108 66.896575928 -0.013605370 0.996961176 -0.076703764 -4.366712093 -0.978149474 0.002645583 0.207885876 60.818321228
0.205707923 0.078737408 0.975440800 67.515258789 -0.015323686 0.996894956 -0.077237613 -4.422006607 -0.978493452 0.000941040 0.206275746 60.950519562
0.203187630 0.081376776 0.975752294 68.131477356 -0.015643628 0.996682942 -0.079864778 -4.473999977 -0.979014874 0.000963228 0.203786686 61.091133118
0.201272637 0.085319571 0.975812435 68.726249695 -0.012751907 0.996343195 -0.084484421 -4.516424656 -0.979452252 0.004560935 0.201624602 61.212368011
0.199895605 0.085972123 0.976038277 69.328819275 -0.010596854 0.996274590 -0.085584328 -4.563251495 -0.979759932 0.006764995 0.200061932 61.328681946
0.197180256 0.084909782 0.976683319 69.917587280 -0.011058817 0.996371508 -0.084388778 -4.606181145 -0.980304837 0.005838839 0.197403789 61.458358765
0.194926068 0.082144663 0.977371991 70.499786377 -0.011760727 0.996610761 -0.081416070 -4.654388428 -0.980747461 0.004375509 0.195231497 61.572723389
0.192937568 0.077875666 0.978115797 71.073745728 -0.010807588 0.996953666 -0.077243663 -4.705980301 -0.981151462 0.004332131 0.193191454 61.684284210
0.191498637 0.077067010 0.978462636 71.637855530 -0.007058895 0.996994913 -0.077145167 -4.752292156 -0.981467426 0.007866330 0.191467181 61.785758972
0.189553544 0.078515068 0.978726089 72.193428040 -0.003555175 0.996845961 -0.079280138 -4.794552326 -0.981863916 0.011548288 0.189234823 61.891654968
0.186620831 0.080731608 0.979109287 72.735572815 0.000336091 0.996612668 -0.082238898 -4.834525108 -0.982431948 0.015676560 0.185961530 61.996913910
0.185167372 0.082741104 0.979217470 73.289573669 0.000131681 0.996447027 -0.084221855 -4.872198582 -0.982706964 0.015724085 0.184498593 62.102394104
0.183677003 0.085112803 0.979294896 73.821899414 -0.000721600 0.996255815 -0.086451560 -4.917125702 -0.982986391 0.015172506 0.183050677 62.200687408
0.182599947 0.083252780 0.979656219 74.377540588 0.001000538 0.996392310 -0.084861524 -4.967202187 -0.983186781 0.016475892 0.181857854 62.302204132
0.183641881 0.082238205 0.979547083 74.928939819 0.007090584 0.996357501 -0.084978864 -5.002199173 -0.982967556 0.022551237 0.182389855 62.391773224
0.185470909 0.080081873 0.979381144 75.475143433 0.012339671 0.996405303 -0.083810732 -5.044288635 -0.982572258 0.027629694 0.183816001 62.492446899
0.187525168 0.079523727 0.979035437 76.038017273 0.015073986 0.996366918 -0.083818808 -5.091198921 -0.982144058 0.030476099 0.185645163 62.602195740
0.190273836 0.079534851 0.978504002 76.593101501 0.011892683 0.996453047 -0.083306372 -5.136439800 -0.981658995 0.027488058 0.188653067 62.728275299
0.195733219 0.080439977 0.977352500 77.154937744 0.010127570 0.996411145 -0.084036835 -5.180014610 -0.980604887 0.026347004 0.194216117 62.849391937
0.202867687 0.078558169 0.976049960 77.684425354 0.012490452 0.996487975 -0.082799248 -5.225556374 -0.979126453 0.028988596 0.201174006 62.947856903
0.210483760 0.079512157 0.974358439 78.253280640 0.010632465 0.996441782 -0.083611131 -5.258781910 -0.977539539 0.027958617 0.208889380 63.078804016
0.218734428 0.076965220 0.972744346 78.823982239 0.010923516 0.996628881 -0.081311315 -5.308923721 -0.975723267 0.028411372 0.217156351 63.219688416
0.227836445 0.076350823 0.970701277 79.400032043 0.007583786 0.996751606 -0.080179840 -5.357026100 -0.973669887 0.025629481 0.226517305 63.363147736
0.237095475 0.076705128 0.968453467 79.982566833 0.006064807 0.996741831 -0.080430448 -5.395555019 -0.971467435 0.024943179 0.235857770 63.518634796
0.246650770 0.080325812 0.965769708 80.577522278 0.000366021 0.996551156 -0.082979478 -5.451843262 -0.969104409 0.020820443 0.245770708 63.692123413
0.256318033 0.082203284 0.963090658 81.161537170 -0.002328734 0.996426702 -0.084428869 -5.486563683 -0.966589689 0.019397859 0.255593628 63.849575043
0.267042905 0.085108869 0.959918976 81.762802124 -0.006413752 0.996227324 -0.086543798 -5.531727314 -0.963663340 0.016954219 0.266581297 64.031921387
0.277174920 0.087017424 0.956870973 82.371032715 -0.007772630 0.996060908 -0.088329859 -5.580481052 -0.960788012 0.017045416 0.276759446 64.220802307
0.287153929 0.087809242 0.953851223 82.998794556 -0.010684949 0.996021032 -0.088474631 -5.629053593 -0.957824886 0.015213986 0.286949605 64.422889709
0.297350019 0.088115036 0.950693786 83.610473633 -0.011908054 0.995996952 -0.088589467 -5.681777000 -0.954694271 0.015021163 0.297208995 64.623962402
0.307665348 0.089392014 0.947286189 84.268318176 -0.016236786 0.995925307 -0.088708416 -5.721470356 -0.951356113 0.011911627 0.307863146 64.845352173
0.318080634 0.084842317 0.944259763 84.930130005 -0.015134283 0.996315300 -0.084421411 -5.762315273 -0.947942972 0.012562123 0.318192601 65.081474304
0.328926533 0.077387378 0.941179335 85.594749451 -0.011649386 0.996893346 -0.077897124 -5.819146633 -0.944283724 0.014658271 0.328806221 65.310104370
0.339715332 0.073210880 0.937674582 86.251152039 -0.010686835 0.997201979 -0.073986799 -5.872989178 -0.940467596 0.015113678 0.339547127 65.556190491
0.350272030 0.069614112 0.934057474 86.935348511 -0.011494235 0.997478545 -0.070030458 -5.925698280 -0.936577499 0.013793433 0.350189000 65.817283630
0.359246582 0.067666441 0.930786312 87.619079590 -0.005445396 0.997502923 -0.070414908 -5.961812496 -0.933226883 0.020227814 0.358717918 66.088218689
0.367994815 0.062235422 0.927742660 88.325172424 0.001415707 0.997718871 -0.067491144 -5.998941898 -0.929826736 0.026149804 0.367067248 66.364997864
0.375053078 0.052985668 0.925487757 89.044601440 0.011083536 0.998037517 -0.061630845 -6.038430214 -0.926937103 0.033372518 0.373729736 66.645248413
0.381719351 0.048884258 0.922984600 89.747146606 0.015815368 0.998108804 -0.059403855 -6.082806587 -0.924142897 0.037272945 0.380224347 66.942016602
0.389459729 0.048559379 0.919762492 90.472320557 0.017878206 0.998022497 -0.060261421 -6.134860039 -0.920869946 0.039913092 0.387821376 67.238273621
0.396923214 0.054685738 0.916221321 91.179985046 0.020410400 0.997450769 -0.068376161 -6.174963951 -0.917624831 0.045840524 0.394795209 67.544456482
0.403655946 0.059226561 0.912991762 91.896568298 0.023765789 0.996886909 -0.075176343 -6.220748425 -0.914602101 0.052043356 0.400991768 67.868843079
0.409322530 0.061482362 0.910315871 92.613296509 0.021832893 0.996781170 -0.077139333 -6.270934105 -0.912128508 0.051449697 0.406662673 68.192634583
0.413766414 0.062616609 0.908227086 93.295692444 0.015186948 0.997018218 -0.075657018 -6.332215309 -0.910256386 0.045097534 0.411581725 68.510864258
0.417633295 0.066117734 0.906206906 93.985771179 0.008525081 0.997019887 -0.076672390 -6.392740250 -0.908575714 0.039746430 0.415825009 68.851051331
0.421666920 0.069352426 0.904094696 94.665992737 0.007686917 0.996761560 -0.080045976 -6.450885296 -0.906718194 0.040702444 0.419768244 69.179580688
0.425509185 0.073925368 0.901929617 95.324806213 0.003909482 0.996498287 -0.083520964 -6.504881382 -0.904945672 0.039065018 0.423730195 69.489959717
0.429158390 0.076660782 0.899970174 95.989135742 0.001202903 0.996342242 -0.085443512 -6.564115047 -0.903228462 0.037751377 0.427496403 69.812278748
0.433019936 0.075067833 0.898253024 96.645355225 0.000390393 0.996510446 -0.083467484 -6.618114948 -0.901384234 0.036493763 0.431479573 70.140052795
0.437478304 0.071769513 0.896360338 97.299850464 0.001813123 0.996737421 -0.080691390 -6.676303864 -0.899227083 0.036925945 0.435920894 70.454086304
0.440746874 0.069211096 0.894959211 97.945213318 0.001399601 0.996968865 -0.077789210 -6.731287003 -0.897630274 0.035537940 0.439314038 70.781379700
0.443961352 0.068435453 0.893428683 98.574623108 -0.000036339 0.997080564 -0.076356985 -6.792433262 -0.896045864 0.033867083 0.442667723 71.112739563
0.447599560 0.069858491 0.891501188 99.196846008 -0.002167289 0.997025728 -0.077039279 -6.847520828 -0.894231439 0.032550611 0.446419656 71.424118042
0.450362593 0.070390970 0.890066683 99.799217224 -0.001276356 0.996937156 -0.078197017 -6.898871422 -0.892844796 0.034080960 0.449073046 71.729103088
0.452658921 0.068576105 0.889042854 100.399024963 0.000749919 0.997008622 -0.077285856 -6.950986385 -0.891683340 0.035650846 0.451253504 72.030754089
0.454657942 0.067398034 0.888112426 100.996093750 0.002838770 0.997018099 -0.077116057 -7.000353336 -0.890661597 0.037582576 0.453110874 72.331306458
0.456388235 0.067300089 0.887232006 101.578895569 0.001759990 0.997065067 -0.076536722 -7.049245358 -0.889778972 0.036491979 0.454930365 72.640007019
0.458442450 0.066349357 0.886243939 102.151962280 0.003697646 0.997058213 -0.076558299 -7.098051548 -0.888716400 0.038374599 0.456848532 72.935554504
0.461074799 0.068285026 0.884730041 102.714347839 0.002557716 0.996928215 -0.078277640 -7.148140430 -0.887357533 0.038354743 0.459483922 73.230575562
0.463866621 0.067976557 0.883293271 103.269386292 0.005682794 0.996802926 -0.079696402 -7.198577404 -0.885886788 0.041988079 0.461997390 73.520957947
0.467154622 0.067438573 0.881600082 103.813560486 0.006503525 0.996797860 -0.079696879 -7.255231857 -0.884151638 0.042964280 0.465220213 73.802162170
0.470154583 0.065630004 0.880140543 104.339385986 0.010302332 0.996755242 -0.079829000 -7.292355061 -0.882523894 0.046599478 0.467952996 74.080268860
0.473541260 0.065015949 0.878368795 104.871093750 0.011723444 0.996718168 -0.080096342 -7.334223747 -0.880693674 0.048226427 0.471225023 74.365692139
0.476273298 0.064251527 0.876946688 105.382949829 0.013011695 0.996702492 -0.080092400 -7.382204533 -0.879201055 0.049556442 0.473866791 74.655227661
0.479866326 0.063264556 0.875057697 105.897270203 0.013479562 0.996747315 -0.079454392 -7.432635784 -0.877238095 0.049922884 0.477452755 74.939567566
0.483261794 0.062706776 0.873227298 106.398773193 0.014963939 0.996694207 -0.079854310 -7.478964329 -0.875348032 0.051657464 0.480725914 75.219528198
0.487289220 0.063932069 0.870897233 106.909965515 0.014605581 0.996580124 -0.081330590 -7.524796963 -0.873118520 0.052351475 0.484689027 75.506141663
0.491437674 0.064161107 0.868546128 107.395164490 0.016125593 0.996441305 -0.082733072 -7.574491978 -0.870763540 0.054663975 0.488654166 75.780151367
0.496376574 0.067696527 0.865463674 107.887542725 0.014194420 0.996188521 -0.086062871 -7.618323326 -0.867991269 0.055004336 0.493523747 76.069664001
0.501898885 0.073451258 0.861801863 108.371391296 0.010838671 0.995775223 -0.091182061 -7.664876938 -0.864858389 0.055104960 0.498982430 76.359291077
0.507591724 0.080549069 0.857824326 108.854911804 0.005482616 0.995298266 -0.096701950 -7.715805531 -0.861580372 0.053788234 0.504763484 76.663223267
0.513119757 0.086754769 0.853921413 109.333206177 0.000054329 0.994875491 -0.101107761 -7.771780968 -0.858317018 0.051926788 0.510485590 76.977691650
0.519203067 0.091367252 0.849753022 109.808273315 -0.003180201 0.994468749 -0.104984291 -7.820016384 -0.854645073 0.051805779 0.516621828 77.297653198
0.525223672 0.091582723 0.846021712 110.287391663 -0.007798947 0.994668245 -0.102832131 -7.870830536 -0.850928485 0.047411803 0.523137510 77.582534790
0.530903578 0.091052644 0.842526436 110.783851624 -0.014384447 0.995036006 -0.098470360 -7.919089317 -0.847310245 0.040158994 0.529577851 77.910552979
0.536416650 0.088412456 0.839309514 111.277305603 -0.020424327 0.995566130 -0.091818936 -7.974071026 -0.843706191 0.032110870 0.535844088 78.252693176
0.542399585 0.086756304 0.835629165 111.778762817 -0.026650377 0.995929837 -0.086100467 -8.026524544 -0.839697778 0.024431020 0.542504072 78.591323853
0.548103929 0.084483333 0.832132578 112.287086487 -0.029444547 0.996217966 -0.081747964 -8.083020210 -0.835891962 0.020304602 0.548518479 78.952674866
0.554571688 0.088129587 0.827455997 112.800903320 -0.034549035 0.995957077 -0.082920879 -8.129049301 -0.831418455 0.017397758 0.555374265 79.312080383
0.560726941 0.092088528 0.822863877 113.314186096 -0.038580213 0.995622396 -0.085132472 -8.173438072 -0.827101469 0.015989814 0.561825156 79.678382874
0.566527903 0.095339485 0.818508744 113.846908569 -0.041402441 0.995323241 -0.087278202 -8.225613594 -0.823001802 0.015557270 0.567825675 80.068344116
0.572946966 0.097714923 0.813746691 114.381523132 -0.043639842 0.995096087 -0.088765256 -8.270359039 -0.818429828 0.015346004 0.574401498 80.455589294
