1.000000000 0.000000000 0.000000000 0.000000000 0.000000000 1.000000000 0.000000000 0.000000000 0.000000000 0.000000000 1.000000000 0.000000000
1.000000000 0.000016674 0.000019520 0.000059369 -0.000016674 1.000000000 -0.000004315 -0.000013760 -0.000019520 0.000004315 1.000000000 0.000087197
1.000000000 -0.000115857 -0.000008041 0.000045706 0.000115857 1.000000000 -0.000011906 -0.000021417 0.000008043 0.000011905 1.000000000 0.000119442
1.000000000 -0.000037594 -0.000019586 0.000171897 0.000037594 1.000000000 0.000017876 0.000095766 0.000019586 -0.000017876 1.000000000 0.000228257
1.000000000 0.000038749 -0.000010474 0.000123303 -0.000038749 1.000000000 -0.000004123 -0.000040977 0.000010473 0.000004123 1.000000000 0.000040935
1.000000000 0.000041618 0.000033510 0.000067176 -0.000041618 1.000000000 0.000003356 0.000092057 -0.000033510 -0.000003357 1.000000000 0.000058128
1.000000000 -0.000000577 -0.000020831 0.000036944 0.000000576 1.000000000 -0.000033500 0.000124424 0.000020832 0.000033500 1.000000000 0.000025236
1.000000000 -0.000049032 0.000002342 0.000110781 0.000049032 1.000000000 -0.000013733 0.000060291 -0.000002342 0.000013733 1.000000000 0.000075124
1.000000000 -0.000031859 -0.000016302 0.000052942 0.000031859 1.000000000 -0.000024962 0.000150369 0.000016303 0.000024961 1.000000000 0.000039658
1.000000000 0.000011793 0.000062851 0.000084871 -0.000011792 1.000000000 -0.000025765 0.000042888 -0.000062852 0.000025765 1.000000000 0.000113975
1.000000000 -0.000001444 0.000031426 0.000002777 0.000001444 1.000000000 -0.000005850 0.000028477 -0.000031426 0.000005850 1.000000000 -0.000033200
1.000000000 0.000004529 0.000016785 0.000202364 -0.000004529 1.000000000 -0.000023541 0.000092508 -0.000016785 0.000023541 1.000000000 0.000175160
1.000000000 -0.000003153 0.000007594 0.000083474 0.000003154 1.000000000 -0.000044831 0.000103357 -0.000007593 0.000044831 1.000000000 0.000114029
1.000000000 0.000031875 0.000032949 -0.000020503 -0.000031875 1.000000000 0.000013494 0.000050682 -0.000032948 -0.000013495 1.000000000 -0.000133360
1.000000000 0.000061675 0.000027267 0.000029565 -0.000061676 1.000000000 0.000007916 0.000013423 -0.000027266 -0.000007918 1.000000000 0.000028497
1.000000000 0.000055711 0.000057858 -0.000215299 -0.000055711 1.000000000 0.000000321 0.000045262 -0.000057858 -0.000000325 1.000000000 -0.000177251
0.999999464 -0.000870958 -0.000512187 0.003457848 0.000869300 0.999994397 -0.003227935 -0.004830349 0.000514995 0.003227488 0.999994636 0.008324631
0.999998271 0.000427627 -0.001817846 0.022121087 -0.000419293 0.999989390 0.004582617 -0.029807096 0.001819787 -0.004581847 0.999987841 0.053484086
0.996626437 0.002280045 0.082039818 0.065307237 -0.002308119 0.999997437 0.000247362 0.018690309 -0.082039028 -0.000435886 0.996629059 0.132247120
0.974985600 -0.004614220 0.222220212 0.005969686 0.004483407 0.999989271 0.001093120 -0.018244375 -0.222222880 -0.000069473 0.974995852 0.342341900
0.962140560 -0.005918946 0.272489488 0.055929895 0.006223793 0.999980569 -0.000254441 -0.015549095 -0.272482693 0.001940727 0.962158740 0.489123106
0.956738234 -0.007121828 0.290862828 0.085027590 0.007505710 0.999971807 -0.000204123 -0.022442905 -0.290853173 0.002378425 0.956764758 0.572351336
0.950460315 -0.007504744 0.310755193 0.112232454 0.007504063 0.999971092 0.001197767 -0.024596419 -0.310755193 0.001193496 0.950489283 0.665765405
0.944422722 -0.006819997 0.328662783 0.150494367 0.007037687 0.999975085 0.000527217 -0.026122615 -0.328658193 0.001815110 0.944447160 0.761697471
0.937011719 -0.005604554 0.349252969 0.182113856 0.006122218 0.999981165 -0.000378356 -0.026721725 -0.349244326 0.002492727 0.937028348 0.856510401
0.931116641 -0.006494950 0.364663750 0.219470128 0.007025073 0.999975324 -0.000127165 -0.032489959 -0.364653945 0.002680195 0.931139290 0.946827590
0.928955197 -0.006458928 0.370135903 0.237223715 0.007115814 0.999974608 -0.000409335 -0.032764286 -0.370123863 0.003014073 0.928977549 1.014080048
0.927566350 -0.007247623 0.373588264 0.275830626 0.008400918 0.999963641 -0.001458953 -0.036472786 -0.373564154 0.004491759 0.927593529 1.098668218
0.926240742 -0.006957916 0.376868278 0.312381208 0.008135201 0.999965787 -0.001532309 -0.041941952 -0.376844734 0.004485187 0.926265597 1.183263898
0.925335586 -0.007514287 0.379074782 0.350384146 0.008950647 0.999957800 -0.002026988 -0.043732442 -0.379043549 0.005268609 0.925363839 1.266453505
0.924392283 -0.007264063 0.381374359 0.379402429 0.008788433 0.999958813 -0.002255507 -0.048160724 -0.381342262 0.005436655 0.924417913 1.340670466
0.923334539 -0.005897562 0.383951217 0.405240983 0.008048703 0.999959648 -0.003996139 -0.048376936 -0.383912176 0.006780083 0.923344672 1.399362206
0.922176421 -0.006054003 0.386722088 0.447294533 0.007954902 0.999962926 -0.003315160 -0.050366327 -0.386687666 0.006133499 0.922190368 1.485620975
0.921094477 -0.006779242 0.389280170 0.484643042 0.008186481 0.999964595 -0.001956226 -0.055615649 -0.389253139 0.004988704 0.921117365 1.572391629
0.919642210 -0.007497263 0.392685682 0.517742634 0.009150656 0.999955416 -0.002338768 -0.060267884 -0.392650694 0.005744161 0.919669747 1.651758790
0.918861091 -0.006611170 0.394525856 0.549262643 0.008691755 0.999956191 -0.003486807 -0.063398562 -0.394485533 0.006633014 0.918878198 1.729230285
0.916362822 -0.010501409 0.400211126 0.583334863 0.009281340 0.999944508 0.004986752 -0.075319044 -0.400241286 -0.000855179 0.916409433 1.788056493
0.916372299 -0.004731022 0.400299400 0.571537495 0.007878392 0.999949574 -0.006217231 -0.053827375 -0.400249839 0.008851014 0.916363358 1.778144956
0.915993512 -0.007262634 0.401127428 0.570614994 0.009149555 0.999954283 -0.002788719 -0.064470664 -0.401088834 0.006224586 0.916018009 1.783061743
0.915924788 -0.006698241 0.401293963 0.570562840 0.008615563 0.999958515 -0.002973492 -0.063665107 -0.401257366 0.006180869 0.915944457 1.780815363
0.916052759 -0.007257829 0.400992304 0.572037280 0.009084036 0.999955237 -0.002653298 -0.065915808 -0.400955111 0.006073189 0.916077554 1.781052232
0.916008353 -0.006975341 0.401098520 0.573172808 0.008788747 0.999957800 -0.002681436 -0.065383703 -0.401062876 0.005981371 0.916031003 1.780195117
0.915951490 -0.006653694 0.401233852 0.572498143 0.008579218 0.999958694 -0.003002555 -0.064513780 -0.401197284 0.006192467 0.915970743 1.781514645
0.916122556 -0.003366901 0.400884092 0.583097577 0.008633116 0.999898612 -0.011331041 -0.061554950 -0.400805205 0.013841501 0.916058719 1.809473753
0.917366266 -0.007527104 0.397972971 0.631537795 0.008863156 0.999959588 -0.001517587 -0.069601461 -0.397945464 0.004919479 0.917395949 1.898107529
0.918658495 -0.007594865 0.394979596 0.659836113 0.008025419 0.999967575 0.000562053 -0.070900932 -0.394971102 0.002653542 0.918689668 1.967120051
0.921152771 -0.007637894 0.389126182 0.697217762 0.006819851 0.999970675 0.003483568 -0.074336693 -0.389141411 -0.000555116 0.921177804 2.046474695
0.922896326 -0.009008738 0.384943187 0.722095609 0.008770636 0.999958754 0.002374322 -0.075351506 -0.384948701 0.001184944 0.922937214 2.110205173
0.925969362 -0.008090430 0.377512038 0.758482814 0.007666093 0.999967098 0.002626667 -0.079754695 -0.377520889 0.000461829 0.926000953 2.186990738
0.928745210 -0.006972002 0.370653212 0.793533802 0.006296775 0.999975562 0.003031766 -0.081641279 -0.370665312 -0.000481819 0.928766310 2.269202709
0.929789782 -0.006436063 0.368034720 0.829706669 0.005708438 0.999979019 0.003065691 -0.087755404 -0.368046731 -0.000749545 0.929806948 2.346962690
0.930077612 -0.004438353 0.367336154 0.862262249 0.004218040 0.999990106 0.001402542 -0.087436542 -0.367338747 0.000244966 0.930087149 2.420461416
0.930252850 -0.005193267 0.366882384 0.899567485 0.004678607 0.999986410 0.002292041 -0.093279451 -0.366889298 -0.000415679 0.930264533 2.503397226
0.930224299 -0.004925066 0.366958350 0.936242938 0.004475475 0.999987841 0.002076012 -0.095080361 -0.366964161 -0.000288844 0.930235028 2.590842009
0.929809749 -0.004193088 0.368016630 0.967472494 0.004645310 0.999989152 -0.000342953 -0.093420111 -0.368011117 0.002028432 0.929819167 2.674558401
0.929986179 -0.004812066 0.367563158 0.990076721 0.005383894 0.999985278 -0.000530390 -0.096430413 -0.367555231 0.002472176 0.929998457 2.730681658
0.930134892 -0.004376336 0.367192060 1.025934577 0.004767511 0.999988556 -0.000158338 -0.098776869 -0.367187232 0.001897868 0.930145144 2.812163353
0.930237412 -0.006108401 0.366907626 1.059064984 0.005867601 0.999981225 0.001771631 -0.107100479 -0.366911590 0.000504831 0.930255711 2.886918783
0.930266142 -0.006312217 0.366831183 1.092662573 0.005868602 0.999980032 0.002324585 -0.105599023 -0.366838545 -0.000009697 0.930284619 2.967615843
0.929747939 -0.008038466 0.368108839 1.131465316 0.007147330 0.999967337 0.003784170 -0.109504394 -0.368127197 -0.000887329 0.929775000 3.056712627
0.929914773 -0.008358656 0.367680073 1.159568667 0.007556623 0.999964952 0.003620940 -0.108002774 -0.367697448 -0.000588746 0.929945230 3.113846779
0.929843664 -0.009234111 0.367839098 1.192407727 0.009103321 0.999956429 0.002090702 -0.110166892 -0.367842376 0.001404532 0.929887056 3.191023350
0.929465413 -0.009951645 0.368775010 1.220071435 0.009347866 0.999950469 0.003423855 -0.116602108 -0.368790805 0.000264904 0.929512322 3.268917561
0.929625154 -0.010638407 0.368352890 1.255787730 0.009882033 0.999943435 0.003939750 -0.120946892 -0.368374020 -0.000022415 0.929677606 3.347309589
0.929280162 -0.010525933 0.369225770 1.282120466 0.009778736 0.999944627 0.003895083 -0.123373672 -0.369246364 -0.000009062 0.929331481 3.411834955
0.928933561 -0.010544485 0.370096296 1.308730602 0.009891966 0.999944389 0.003660989 -0.124796078 -0.370114326 0.000260165 0.928986132 3.494934320
0.928310215 -0.010652945 0.371653914 1.345451593 0.009395369 0.999942362 0.005194388 -0.130694434 -0.371687740 -0.001330178 0.928356826 3.576756477
0.928208590 -0.011829063 0.371872187 1.385549307 0.010639582 0.999929607 0.005250407 -0.134684652 -0.371908128 -0.000916909 0.928269029 3.653184414
0.927485347 -0.010798570 0.373703599 1.413949728 0.009486454 0.999940634 0.005350187 -0.139488965 -0.373739213 -0.001417098 0.927532673 3.732394457
0.927393794 -0.010329396 0.373944193 1.453610182 0.008873293 0.999944866 0.005615246 -0.140273094 -0.373981565 -0.001889428 0.927434206 3.819062948
0.926818967 -0.010429860 0.375363618 1.472755790 0.009164632 0.999944746 0.005155876 -0.139848471 -0.375396580 -0.001338494 0.926863313 3.877341747
0.926396132 -0.010581455 0.376401782 1.509961247 0.009615040 0.999943912 0.004446112 -0.143772021 -0.376427770 -0.000499742 0.926445842 3.962434292
0.925577402 -0.011110858 0.378395110 1.546097279 0.009699804 0.999937117 0.005634953 -0.144242674 -0.378433853 -0.001545227 0.925627053 4.046238422
0.925150275 -0.012774727 0.379385918 1.581654310 0.010660660 0.999913752 0.007672688 -0.150996521 -0.379451156 -0.003053886 0.925206721 4.122989178
0.924425602 -0.014005164 0.381105155 1.616844535 0.012366146 0.999900877 0.006749293 -0.151925176 -0.381161779 -0.001526419 0.924507082 4.201670647
0.924039543 -0.014052683 0.382038623 1.644219398 0.012738210 0.999901056 0.005969767 -0.152629629 -0.382084727 -0.000649812 0.924127042 4.261001110
0.928866386 -0.015863767 0.370075166 1.669744015 0.014399795 0.999873757 0.006718305 -0.159850731 -0.370135039 -0.000911401 0.928977489 4.346527100
0.944207132 -0.016968288 0.328914881 1.698523641 0.015830569 0.999855876 0.006136870 -0.163524434 -0.328971595 -0.000587568 0.944339633 4.411022186
0.957517505 -0.015438058 0.287961602 1.728790283 0.014425972 0.999880016 0.005636461 -0.168700114 -0.288014024 -0.001242884 0.957625389 4.483567715
0.969648480 -0.016134121 0.243970528 1.765295506 0.015311065 0.999868870 0.005269712 -0.169105873 -0.244023591 -0.001374319 0.969768345 4.545010090
0.975971341 -0.013076156 0.217506215 1.775818348 0.012646267 0.999914348 0.003368363 -0.168389797 -0.217531636 -0.000536783 0.976053119 4.607041359
0.979228556 -0.011138685 0.202453464 1.813073158 0.010882874 0.999937952 0.002376708 -0.171266705 -0.202467397 -0.000124064 0.979288995 4.712888718
0.979474127 -0.010394298 0.201301843 1.834279180 0.010063828 0.999945760 0.002665034 -0.173834085 -0.201318622 -0.000584464 0.979525626 4.798752308
0.979694963 -0.010520542 0.200217620 1.843240142 0.010537810 0.999943972 0.000979507 -0.174891278 -0.200216740 0.001150237 0.979750931 4.863548756
0.984718442 -0.010825559 0.173817113 1.857179165 0.010705113 0.999941409 0.001630455 -0.180181444 -0.173824579 0.000255193 0.984776676 4.939487457
0.990328610 -0.008957452 0.138452038 1.879250765 0.008751602 0.999959528 0.002095513 -0.180667564 -0.138465196 -0.000863569 0.990366936 5.027170181
0.992707312 -0.008786116 0.120228939 1.891298175 0.008699190 0.999961317 0.001247848 -0.180969968 -0.120235257 -0.000192853 0.992745399 5.105448246
0.994292974 -0.007238941 0.106438115 1.907051086 0.007132137 0.999973655 0.001384053 -0.183863997 -0.106445320 -0.000617023 0.994318306 5.179803848
0.994451702 -0.008080421 0.104883008 1.922537446 0.007939789 0.999966979 0.001758301 -0.187251553 -0.104893737 -0.000915797 0.994482994 5.275890350
0.994577408 -0.008082738 0.103684202 1.929250956 0.007896368 0.999966502 0.002207805 -0.189783201 -0.103698574 -0.001377104 0.994607806 5.338716984
0.994795740 -0.007378920 0.101622276 1.939259529 0.007319884 0.999972880 0.000953809 -0.191745535 -0.101626545 -0.000204982 0.994822681 5.426451683
0.994957209 -0.007294786 0.100034364 1.950595498 0.007112540 0.999972284 0.002178348 -0.195995197 -0.100047484 -0.001455865 0.994981587 5.507435799
0.995184004 -0.008699977 0.097637676 1.962699533 0.008510468 0.999961078 0.002357238 -0.197310761 -0.097654365 -0.001514943 0.995219290 5.602444172
0.995251238 -0.007673290 0.097036749 1.974765301 0.007362182 0.999966562 0.003563740 -0.201209009 -0.097060859 -0.002832414 0.995274365 5.681184292
0.995378494 -0.007962704 0.095699184 1.982944846 0.007727432 0.999966085 0.002828819 -0.201800942 -0.095718488 -0.002076236 0.995406270 5.742949009
0.995689213 -0.008660510 0.092347577 1.996230602 0.008359147 0.999958456 0.003649690 -0.204874560 -0.092375353 -0.002862010 0.995720208 5.831539631
0.995970368 -0.007971755 0.089327879 2.003556252 0.007715649 0.999965012 0.003211988 -0.207192644 -0.089350373 -0.002509823 0.995997131 5.922049522
0.996053874 -0.007606616 0.088423692 2.012655258 0.007393708 0.999968946 0.002735101 -0.212074041 -0.088441744 -0.002070529 0.996079206 6.005016327
0.996215343 -0.006694781 0.086661048 2.027593136 0.006279640 0.999967515 0.005062140 -0.217786849 -0.086692117 -0.004498781 0.996225059 6.090017319
0.996562183 -0.008158793 0.082444891 2.035287142 0.007905573 0.999962926 0.003397370 -0.217311487 -0.082469553 -0.002733916 0.996589839 6.188505650
0.997464895 -0.007183136 0.070795879 2.039081097 0.006887467 0.999966562 0.004419581 -0.216625765 -0.070825249 -0.003920773 0.997481048 6.251663685
0.998916626 -0.007175286 0.045978993 2.045483351 0.006950238 0.999963045 0.005052568 -0.219456255 -0.046013556 -0.004727530 0.998929620 6.335678101
0.999797463 -0.007059255 0.018843692 2.055378437 0.006979317 0.999966264 0.004304558 -0.221429288 -0.018873448 -0.004172171 0.999813139 6.420906544
0.999925017 -0.005306751 0.011037282 2.063779354 0.005266240 0.999979317 0.003696177 -0.224598676 -0.011056677 -0.003637775 0.999932230 6.507984638
0.999931753 -0.005106694 0.010505173 2.065244436 0.005066362 0.999979675 0.003862260 -0.229299858 -0.010524683 -0.003808774 0.999937356 6.587954044
0.999943495 -0.004505014 0.009634639 2.067613602 0.004455794 0.999976873 0.005124197 -0.230544090 -0.009657503 -0.005080977 0.999940515 6.657684326
0.999956787 -0.004295546 0.008248333 2.072710276 0.004256957 0.999979973 0.004690308 -0.235848650 -0.008268315 -0.004654993 0.999954939 6.743769646
0.999964952 -0.003168710 0.007743284 2.078095198 0.003133817 0.999984860 0.004514160 -0.237592384 -0.007757470 -0.004489736 0.999959826 6.831972122
0.999968350 -0.004412536 0.006618455 2.076454639 0.004379549 0.999977887 0.004990352 -0.240735427 -0.006640329 -0.004961208 0.999965608 6.923948765
0.999973476 -0.004375017 0.005811552 2.081134081 0.004352610 0.999983013 0.003862695 -0.241877347 -0.005828353 -0.003837298 0.999975562 7.013256073
0.999984384 -0.003935549 0.003963756 2.087358713 0.003926462 0.999989688 0.002297537 -0.245123580 -0.003972757 -0.002281938 0.999989450 7.101484299
0.999988794 -0.003790948 0.002827613 2.088118315 0.003784741 0.999990404 0.002197052 -0.244515389 -0.002835915 -0.002186325 0.999993622 7.170766830
0.999985099 -0.004815074 0.002587415 2.086103439 0.004809484 0.999986112 0.002162487 -0.248490885 -0.002597791 -0.002150011 0.999994338 7.261110306
0.999948800 -0.004783624 0.008916854 2.088171005 0.004774463 0.999988019 0.001048479 -0.250239164 -0.008921764 -0.001005852 0.999959767 7.338963032
0.999859154 -0.004551778 0.016154945 2.089038849 0.004498203 0.999984264 0.003351188 -0.252507240 -0.016169947 -0.003278048 0.999863923 7.426649570
0.999867141 -0.005503305 0.015345408 2.095550299 0.005432392 0.999974489 0.004659032 -0.256493181 -0.015370655 -0.004575050 0.999871433 7.516315460
0.999874175 -0.005424745 0.014905752 2.096780300 0.005370161 0.999978721 0.003699551 -0.258348823 -0.014925503 -0.003619039 0.999882042 7.580967903
0.999881864 -0.004116587 0.014810654 2.097440004 0.004058859 0.999984026 0.003925650 -0.261743873 -0.014826578 -0.003865072 0.999882638 7.670157433
0.999886513 -0.003537787 0.014641227 2.100521088 0.003478444 0.999985635 0.004076548 -0.263650090 -0.014655439 -0.004025157 0.999884427 7.759783745
0.999891400 -0.003986138 0.014187924 2.105456829 0.003949618 0.999988794 0.002601047 -0.265172899 -0.014198134 -0.002544728 0.999895990 7.849347591
0.999896467 -0.003492531 0.013959932 2.110617161 0.003438217 0.999986410 0.003912826 -0.268955648 -0.013973407 -0.003864424 0.999894977 7.936917305
0.999906957 -0.003081415 0.013290071 2.113837242 0.003019569 0.999984562 0.004671142 -0.270622343 -0.013304261 -0.004630577 0.999900818 8.031945229
0.999896228 -0.002204205 0.014239150 2.113448858 0.002131779 0.999984682 0.005099611 -0.274939597 -0.014250173 -0.005068728 0.999885619 8.128712654
0.999899924 -0.002419000 0.013943247 2.116568804 0.002353122 0.999985933 0.004739171 -0.274870843 -0.013954515 -0.004705886 0.999891639 8.189549446
0.999913752 -0.001848597 0.013000729 2.120970488 0.001777894 0.999983609 0.005447783 -0.277866542 -0.013010586 -0.005424199 0.999900639 8.278909683
0.999901593 -0.001642205 0.013935502 2.123450041 0.001535806 0.999969542 0.007642341 -0.281466186 -0.013947628 -0.007620187 0.999873638 8.375041962
0.999895394 -0.002203533 0.014294185 2.128616095 0.002102588 0.999972761 0.007073124 -0.283684045 -0.014309382 -0.007042330 0.999872804 8.463717461
0.999898136 -0.002032787 0.014128100 2.136464119 0.001948191 0.999979973 0.005998965 -0.286060274 -0.014140014 -0.005970830 0.999882221 8.554332733
0.999897122 -0.003275802 0.013966789 2.140918970 0.003183963 0.999973178 0.006592694 -0.290332228 -0.013988012 -0.006547545 0.999880731 8.655279160
0.999889851 -0.004136615 0.014253442 2.140161753 0.004065415 0.999979198 0.005020570 -0.290040553 -0.014273915 -0.004962070 0.999885798 8.712603569
0.999966919 -0.004221416 0.006949604 2.141100883 0.004197957 0.999985456 0.003386654 -0.292599291 -0.006963799 -0.003357368 0.999970078 8.804115295
0.999989510 -0.004265854 -0.001685838 2.142154694 0.004272370 0.999983311 0.003881059 -0.295528919 0.001669254 -0.003888221 0.999991059 8.891949654
0.999925435 -0.004896142 -0.011191920 2.149785995 0.004926521 0.999984264 0.002688373 -0.296839744 0.011178582 -0.002743309 0.999933839 8.978876114
0.999768734 -0.005035324 -0.020906677 2.145311832 0.005126154 0.999977648 0.004293248 -0.301114649 0.020884594 -0.004399426 0.999772251 9.065809250
0.999671161 -0.003866534 -0.025349431 2.146424532 0.004032178 0.999970794 0.006486568 -0.306280911 0.025323611 -0.006586648 0.999657571 9.155013084
0.999658823 -0.004618755 -0.025707977 2.146739483 0.004779793 0.999969244 0.006206227 -0.309085429 0.025678525 -0.006326988 0.999650180 9.211730003
0.999636114 -0.005362124 -0.026438978 2.145576954 0.005503277 0.999970973 0.005268912 -0.312105298 0.026409959 -0.005412496 0.999636531 9.301383972
0.999592960 -0.005250989 -0.028041156 2.147173166 0.005335277 0.999981403 0.002931878 -0.313697070 0.028025242 -0.003080292 0.999602497 9.395323753
0.999575853 -0.006282181 -0.028436610 2.144650698 0.006406670 0.999970198 0.004288769 -0.317351997 0.028408824 -0.004469134 0.999586463 9.479650497
0.999583304 -0.006219497 -0.028188702 2.144910574 0.006295333 0.999976814 0.002602335 -0.318804860 0.028171863 -0.002778708 0.999599218 9.574538231
0.999580562 -0.006582966 -0.028203936 2.145240784 0.006664240 0.999973953 0.002788681 -0.320744097 0.028184842 -0.002975469 0.999598265 9.635742188
0.999566913 -0.007728947 -0.028396567 2.142476797 0.007833017 0.999963045 0.003555500 -0.323419094 0.028368037 -0.003776391 0.999590397 9.720412254
0.999435484 -0.009504865 -0.032226115 2.143412828 0.009605065 0.999949515 0.002955893 -0.323509663 0.032196391 -0.003263758 0.999476194 9.820818901
0.999212027 -0.009770187 -0.038468994 2.139006376 0.009947259 0.999940693 0.004414262 -0.330785364 0.038423590 -0.004793444 0.999250054 9.894117355
0.998719752 -0.009911058 -0.049603302 2.140547037 0.010119911 0.999940872 0.003961089 -0.331453472 0.049561121 -0.004457999 0.998761117 9.971481323
0.998170376 -0.010453663 -0.059555121 2.137003899 0.010644604 0.999939084 0.002889737 -0.330526829 0.059521291 -0.003518390 0.998220861 10.041645050
0.997035801 -0.009448162 -0.076356933 2.134663105 0.009730700 0.999947071 0.003329027 -0.334869176 0.076321445 -0.004062166 0.997075021 10.119485855
0.994723797 -0.007879103 -0.102287665 2.124480009 0.008283524 0.999959469 0.003529584 -0.337549359 0.102255724 -0.004358263 0.994748592 10.206099510
0.991639197 -0.008229141 -0.128779173 2.117927313 0.008801228 0.999953747 0.003873927 -0.340172976 0.128741339 -0.004974952 0.991665721 10.286040306
0.989267111 -0.008107502 -0.145893320 2.117642403 0.008475097 0.999962211 0.001898223 -0.340893269 0.145872429 -0.003114310 0.989298463 10.340682030
0.985039532 -0.006644146 -0.172200337 2.098635435 0.007030251 0.999974072 0.001632415 -0.339038640 0.172185004 -0.002818605 0.985060573 10.420775414
0.977686763 -0.005435308 -0.209997758 2.087688684 0.006020372 0.999979615 0.002146887 -0.344392926 0.209981814 -0.003363247 0.977699518 10.505326271
0.969078302 -0.002440882 -0.246741414 2.068501472 0.003257737 0.999990404 0.002902404 -0.348669142 0.246731967 -0.003616475 0.969076991 10.574329376
0.961304784 -0.000538368 -0.275486499 2.052181721 0.001408063 0.999994636 0.002959172 -0.348312497 0.275483459 -0.003232569 0.961300313 10.648736000
0.957855701 0.000432897 -0.287249446 2.040521860 0.000796205 0.999991000 0.004162037 -0.350144476 0.287248641 -0.004215341 0.957846701 10.705999374
0.953832626 0.001273781 -0.300335914 2.015868902 0.000116455 0.999989390 0.004610990 -0.356355190 0.300338566 -0.004433088 0.953822374 10.783042908
0.947506249 0.000500905 -0.319736749 1.990419626 0.000909848 0.999990463 0.004262839 -0.355966598 0.319735855 -0.004329978 0.947496772 10.870581627
0.940050542 0.002339036 -0.341027111 1.964530706 0.000250485 0.999971509 0.007549070 -0.357444674 0.341035068 -0.007181930 0.940023065 10.952920914
0.932526708 0.004111927 -0.361077487 1.934498072 -0.001142739 0.999963760 0.008436257 -0.360482633 0.361099094 -0.007454418 0.932497501 11.032668114
0.924574792 0.006354726 -0.380947381 1.903416395 -0.002779312 0.999946833 0.009934983 -0.364066511 0.380990297 -0.008126865 0.924543321 11.106342316
0.917174697 0.007091315 -0.398422182 1.880498886 -0.002842164 0.999932647 0.011254584 -0.363721520 0.398475200 -0.009190041 0.917133093 11.157462120
0.903294921 0.008361127 -0.428938657 1.848014235 -0.003021782 0.999909282 0.013127306 -0.365397394 0.429009497 -0.010561670 0.903238237 11.241232872
0.890662134 0.008717170 -0.454582155 1.812482357 -0.002990200 0.999906838 0.013315744 -0.366523415 0.454655975 -0.010500537 0.890605271 11.309997559
0.876477957 0.009407292 -0.481349945 1.780513525 -0.002981202 0.999895930 0.014113129 -0.366857409 0.481432617 -0.010934847 0.876414955 11.386490822
0.863042176 0.011090759 -0.505010068 1.736434221 -0.005065219 0.999898732 0.013302975 -0.369241357 0.505106449 -0.008923043 0.863010883 11.456659317
0.853026092 0.011447280 -0.521742821 1.715008497 -0.005527445 0.999901533 0.012901175 -0.371879637 0.521839201 -0.008121135 0.853005290 11.507886887
0.848635912 0.013189310 -0.528813004 1.675185442 -0.007126987 0.999883473 0.013501100 -0.373985261 0.528929532 -0.007688672 0.848630846 11.567794800
0.846466362 0.012149316 -0.532303512 1.617074847 -0.006009462 0.999893963 0.013265404 -0.374117076 0.532408237 -0.008029860 0.846449614 11.672086716
0.845399976 0.012053519 -0.533997595 1.572439790 -0.006300421 0.999900877 0.012595466 -0.377121598 0.534096479 -0.007283797 0.845392108 11.753684998
0.844696641 0.013862329 -0.535065711 1.539065599 -0.007006073 0.999865294 0.014843886 -0.381901205 0.535199404 -0.008789871 0.844679952 11.807920456
0.844418466 0.012332907 -0.535542130 1.501001835 -0.005500937 0.999881864 0.014352479 -0.383917660 0.535655916 -0.009173513 0.844386518 11.873246193
0.842750490 0.012081441 -0.538168848 1.451823711 -0.005518444 0.999889433 0.013805024 -0.382694811 0.538276255 -0.008664335 0.842723966 11.965160370
0.839741409 0.012815299 -0.542835295 1.400951862 -0.006127632 0.999881387 0.014126115 -0.381651461 0.542951941 -0.008535989 0.839720368 12.050745964
0.837461233 0.014445621 -0.546305776 1.356678009 -0.006807664 0.999848723 0.016002541 -0.385892868 0.546454310 -0.009682444 0.837432981 12.112258911
0.836203873 0.014659990 -0.548222780 1.325710058 -0.007119665 0.999848545 0.015877267 -0.386797458 0.548372447 -0.009373470 0.836181700 12.164467812
0.834472239 0.014753949 -0.550852299 1.280649543 -0.007172132 0.999847531 0.015914895 -0.390922934 0.551003218 -0.009329752 0.834450960 12.232622147
0.830957294 0.014271672 -0.556153178 1.237056613 -0.006147594 0.999845386 0.016472222 -0.393214583 0.556302309 -0.010268707 0.830916584 12.309012413
0.821225107 0.013207869 -0.570451438 1.182685614 -0.005955715 0.999876022 0.014576611 -0.394691586 0.570573270 -0.008573231 0.821201861 12.374072075
0.800354004 0.013791346 -0.599369049 1.136858821 -0.007286996 0.999885321 0.013276605 -0.395659655 0.599483371 -0.006258383 0.800362706 12.443922043
0.789106905 0.015469624 -0.614060998 1.089178205 -0.008115618 0.999858022 0.014759672 -0.397813946 0.614202261 -0.006663474 0.789120436 12.513626099
0.771348357 0.014725385 -0.636242747 1.029902220 -0.008005509 0.999877512 0.013435988 -0.398386270 0.636362851 -0.005270379 0.771371901 12.577313423
0.752533317 0.016304947 -0.658352196 0.998184144 -0.008451107 0.999850214 0.015102501 -0.402870446 0.658499777 -0.005801332 0.752558529 12.618286133
0.720208228 0.018104268 -0.693521678 0.951227367 -0.009796173 0.999825120 0.015927142 -0.401238352 0.693688750 -0.004677000 0.720259726 12.685577393
0.713949621 0.019911775 -0.699913800 0.911385477 -0.010784620 0.999789655 0.017442020 -0.406759381 0.700113893 -0.004904420 0.714014292 12.739940643
0.712226689 0.019130306 -0.701688826 0.853311896 -0.010273020 0.999805570 0.016830632 -0.408426046 0.701874375 -0.004778763 0.712284744 12.807385445
0.710570991 0.018357957 -0.703386068 0.787888408 -0.010425244 0.999824524 0.015563088 -0.405866146 0.703548372 -0.003725706 0.710637629 12.868943214
0.709559977 0.018766489 -0.704394996 0.746828914 -0.011187282 0.999819279 0.015367867 -0.407268435 0.704556108 -0.003024160 0.709641755 12.914730072
0.707825124 0.017850209 -0.706162095 0.667385340 -0.010891651 0.999837637 0.014356368 -0.408717364 0.706303656 -0.002470529 0.707904577 12.999964714
0.708073437 0.019375402 -0.705872893 0.626933992 -0.010818449 0.999803782 0.016591294 -0.410358548 0.706055999 -0.004111404 0.708144069 13.041417122
0.706838071 0.018167082 -0.707141995 0.562931120 -0.010646578 0.999830186 0.015044484 -0.409603626 0.707295299 -0.003105372 0.706911385 13.105580330
0.694839895 0.018836718 -0.718917608 0.502068818 -0.009237935 0.999808133 0.017267929 -0.413633853 0.719104946 -0.005357132 0.694880724 13.169583321
0.675163031 0.020252908 -0.737390399 0.450000256 -0.009976726 0.999782264 0.018324863 -0.412875473 0.737601042 -0.005015529 0.675218105 13.234274864
0.672956705 0.022485485 -0.739339948 0.385686874 -0.011429406 0.999734581 0.020001652 -0.414971918 0.739593565 -0.005010027 0.673035085 13.291116714
0.672829688 0.021535911 -0.739483774 0.344465673 -0.011598643 0.999760330 0.018562727 -0.415382683 0.739706397 -0.003912544 0.672918200 13.331591606
0.670739770 0.020988112 -0.741395652 0.282501221 -0.011007919 0.999771118 0.018343594 -0.413971633 0.741611004 -0.004142556 0.670817375 13.392531395
0.669555843 0.021750057 -0.742443085 0.220200509 -0.010491410 0.999748409 0.019826433 -0.415703416 0.742687523 -0.005485627 0.669615626 13.453500748
0.661115944 0.019425873 -0.750032187 0.152325019 -0.008573957 0.999795139 0.018337226 -0.416106552 0.750234783 -0.005692287 0.661147058 13.512227058
0.649150550 0.018470995 -0.760435522 0.091515981 -0.008975865 0.999821603 0.016623378 -0.418888777 0.760606885 -0.003965505 0.649200559 13.574353218
0.647078395 0.018223258 -0.762205660 0.026425026 -0.007601350 0.999818802 0.017451046 -0.420112073 0.762385488 -0.005498402 0.647099614 13.636282921
0.646193266 0.016891332 -0.762986839 -0.012825901 -0.007194079 0.999845386 0.016042158 -0.421947390 0.763139904 -0.004877348 0.646214962 13.672101974
0.645167112 0.017539626 -0.763840020 -0.077659957 -0.007656982 0.999834716 0.016491268 -0.424705029 0.764002979 -0.004790916 0.645194948 13.728366852
0.643602431 0.017289441 -0.765164614 -0.152022243 -0.007687489 0.999840319 0.016125934 -0.421411067 0.765321314 -0.004496498 0.643632591 13.793968201
0.635028541 0.016031280 -0.772322237 -0.207887366 -0.003984698 0.999839187 0.017477555 -0.427431971 0.772478342 -0.008021278 0.634990454 13.841303825
0.625802636 0.018348385 -0.779765546 -0.261122584 -0.006397792 0.999810457 0.018391615 -0.427652061 0.779955149 -0.006520745 0.625801444 13.889822960
0.622907698 0.016978608 -0.782110989 -0.312585235 -0.006138565 0.999839783 0.016816186 -0.424942374 0.782271206 -0.005673893 0.622912109 13.943171501
0.601060331 0.017011208 -0.799022555 -0.371313184 -0.001013960 0.999789000 0.020522777 -0.434784114 0.799203038 -0.011525250 0.600950599 13.990202904
0.581714034 0.017771306 -0.813199222 -0.436625302 -0.005207376 0.999822199 0.018124638 -0.432093203 0.813376725 -0.006308721 0.581703067 14.050120354
0.581218362 0.019619599 -0.813511014 -0.509121954 -0.006915072 0.999792278 0.019171651 -0.440125823 0.813718200 -0.005517430 0.581233323 14.105397224
0.579976261 0.017834118 -0.814438164 -0.581201017 -0.005920131 0.999826252 0.017677806 -0.439967990 0.814611971 -0.005431127 0.579980969 14.159584999
0.578857005 0.016853346 -0.815254867 -0.644202650 -0.006644565 0.999850690 0.015951544 -0.439153731 0.815402031 -0.003816648 0.578882515 14.212411880
0.577176094 0.016739406 -0.816448152 -0.685265601 -0.005007041 0.999843657 0.016959852 -0.438761830 0.816604376 -0.005700832 0.577169657 14.251629829
0.577345669 0.019784363 -0.816260040 -0.761342525 -0.007482599 0.999792576 0.018940303 -0.448196799 0.816465497 -0.004827357 0.577373981 14.293395996
0.575424731 0.019809958 -0.817614734 -0.839495420 -0.008372403 0.999796927 0.018331673 -0.444713831 0.817811787 -0.003703100 0.575473845 14.357996941
0.574834585 0.018700834 -0.818055868 -0.884234190 -0.008103494 0.999819875 0.017161779 -0.446388960 0.818229377 -0.003236075 0.574882686 14.390907288
0.574345052 0.020478949 -0.818357110 -0.987764657 -0.008435612 0.999781966 0.019098669 -0.444529146 0.818569779 -0.004065886 0.574392617 14.460383415
0.574107111 0.019903447 -0.818538249 -1.038199663 -0.007721579 0.999791622 0.018895004 -0.445546895 0.818743825 -0.004527351 0.574141085 14.496179581
0.574079454 0.020440239 -0.818544447 -1.111741543 -0.009068624 0.999785781 0.018605893 -0.444966346 0.818749428 -0.003258190 0.574141741 14.550477982
0.573716223 0.020169618 -0.818805873 -1.183672547 -0.008492405 0.999789476 0.018677372 -0.447996527 0.819010198 -0.003761881 0.573766649 14.596412659
0.571438670 0.020542342 -0.820387602 -1.247576833 -0.007904255 0.999778032 0.019528555 -0.446385831 0.820606709 -0.004674816 0.571474195 14.655447006
0.570627034 0.020051632 -0.820964456 -1.317451596 -0.008295001 0.999791563 0.018653793 -0.446068406 0.821167409 -0.003834457 0.570674479 14.710345268
0.568800986 0.020596221 -0.822217166 -1.389807343 -0.009721354 0.999784827 0.018319096 -0.443028182 0.822417676 -0.002426855 0.568878949 14.770094872
0.569575548 0.022253782 -0.821637690 -1.453962803 -0.010825600 0.999749780 0.019573372 -0.442982167 0.821867883 -0.002253790 0.569673836 14.803057671
0.569190860 0.023056066 -0.821882069 -1.522513270 -0.009902988 0.999726534 0.021186819 -0.447794020 0.822145820 -0.003920253 0.569263399 14.851599693
0.568833053 0.023507420 -0.822116911 -1.605997562 -0.011791353 0.999721766 0.020427223 -0.444455445 0.822368503 -0.001925808 0.568951964 14.909736633
0.567635775 0.024146775 -0.822925627 -1.678889632 -0.012346210 0.999707043 0.020817861 -0.444868445 0.823187411 -0.001656951 0.567767560 14.963945389
0.566680014 0.023184186 -0.823611736 -1.752956271 -0.012873179 0.999731123 0.019284550 -0.443763465 0.823837459 -0.000325669 0.566826105 15.017902374
0.566027462 0.021541888 -0.824104846 -1.798043728 -0.012893803 0.999767601 0.017277697 -0.444724202 0.824285567 0.000846194 0.566173673 15.051906586
0.565769494 0.020105245 -0.824318230 -1.873618364 -0.012871293 0.999796152 0.015550985 -0.445956051 0.824462950 0.001811767 0.565913081 15.103761673
0.575208127 0.026394928 -0.817581058 -1.939759374 -0.013795504 0.999650121 0.022567064 -0.464520574 0.817890644 -0.001701818 0.575371087 15.154878616
0.626551092 0.023607904 -0.779022634 -2.043389320 -0.012829368 0.999718070 0.019977586 -0.478818864 0.779274702 -0.002522612 0.626677394 15.203326225
0.663034201 0.020689793 -0.748303056 -2.087188721 -0.010580732 0.999777019 0.018267723 -0.485701025 0.748514295 -0.004194533 0.663105369 15.309820175
0.685624182 0.018015848 -0.727732599 -2.121768951 -0.009301643 0.999828875 0.015988469 -0.484430850 0.727896154 -0.004192974 0.685674548 15.357504845
0.731768966 0.017904110 -0.681317449 -2.206876993 -0.009631187 0.999826610 0.015929729 -0.492866039 0.681484759 -0.005094982 0.731814682 15.442620277
0.766652882 0.013328962 -0.641923547 -2.278725624 -0.006601035 0.999895275 0.012878269 -0.492156148 0.642027974 -0.005635801 0.766660571 15.525444031
0.792871892 0.010851824 -0.609291852 -2.335680485 -0.004989621 0.999923468 0.011316192 -0.494908482 0.609368205 -0.005932155 0.792865276 15.607199669
0.821047306 0.007956970 -0.570804715 -2.399626493 -0.001742638 0.999933124 0.011432369 -0.485662222 0.570857644 -0.008391811 0.821006238 15.700724602
0.840202868 0.008886488 -0.542199314 -2.428663731 -0.002401400 0.999916792 0.012667084 -0.494920045 0.542266905 -0.009340884 0.840154409 15.759736061
0.866170108 0.007950195 -0.499686003 -2.486389637 -0.002130304 0.999923050 0.012216430 -0.495771617 0.499744773 -0.009517022 0.866120458 15.858857155
0.889921546 0.005327119 -0.456082463 -2.534025908 -0.000378689 0.999940038 0.010940561 -0.494089782 0.456113458 -0.009563527 0.889870286 15.955093384
0.910865724 0.005166835 -0.412670463 -2.581636906 0.000036900 0.999920547 0.012600944 -0.497434080 0.412702709 -0.011492995 0.910793245 16.055871964
0.928298295 0.003113338 -0.371823400 -2.625968695 0.001375307 0.999929309 0.011806182 -0.491059959 0.371833831 -0.011471029 0.928228438 16.164247513
0.938827276 0.002351827 -0.344380289 -2.663263321 0.001889846 0.999926448 0.011980627 -0.494975239 0.344383210 -0.011898562 0.938753724 16.255500793
0.942545116 0.001527994 -0.334075212 -2.682168245 0.002151411 0.999941051 0.010643432 -0.496326298 0.334071815 -0.010750646 0.942486286 16.317918777
0.948063731 0.002907712 -0.318067282 -2.717989445 0.001470925 0.999907434 0.013525354 -0.499654025 0.318077207 -0.013290748 0.947971642 16.409511566
0.951926589 0.002505502 -0.306315809 -2.736247063 0.001160421 0.999929905 0.011785098 -0.501544178 0.306323826 -0.011574006 0.951856971 16.505447388
0.955303133 0.002507646 -0.295617521 -2.769484043 0.000386935 0.999952555 0.009732738 -0.501594663 0.295627922 -0.009412098 0.955256820 16.602720261
0.956432641 0.002830049 -0.291939378 -2.791876554 0.000292068 0.999943316 0.010650266 -0.504962385 0.291952968 -0.010271528 0.956377506 16.681797028
0.957448184 0.003888864 -0.288578808 -2.821130753 -0.000884409 0.999944091 0.010540864 -0.503891468 0.288603634 -0.009837112 0.957398117 16.785354614
0.958514094 0.003295492 -0.285026073 -2.844743729 -0.000242540 0.999942303 0.010745768 -0.506992996 0.285045028 -0.010230839 0.958459556 16.873600006
0.959292114 0.005140917 -0.282368839 -2.870162964 -0.001803244 0.999925375 0.012078868 -0.508158982 0.282409877 -0.011077982 0.959229887 16.963371277
0.959995985 0.005330628 -0.279962867 -2.885467052 -0.001964787 0.999922395 0.012301722 -0.510712504 0.280006766 -0.011259536 0.959932029 17.021703720
0.962112010 0.005624385 -0.272596329 -2.906966209 -0.002353992 0.999921322 0.012322755 -0.513820410 0.272644281 -0.011214182 0.962049484 17.110469818
0.963993132 0.005633220 -0.265867293 -2.926939487 -0.002577833 0.999926567 0.011839716 -0.515432656 0.265914530 -0.010728044 0.963936865 17.197891235
0.966775417 0.005869663 -0.255559742 -2.950791121 -0.002810711 0.999920070 0.012333193 -0.516016960 0.255611718 -0.011205125 0.966714621 17.300939560
0.969672561 0.003859356 -0.244377166 -2.973958015 -0.000708063 0.999915421 0.012981741 -0.519861102 0.244406641 -0.012415001 0.969593346 17.392381668
0.973271370 0.004411125 -0.229615554 -2.996177197 -0.002035862 0.999941945 0.010580394 -0.520423949 0.229648918 -0.009830129 0.973223865 17.491239548
0.976985157 0.006153120 -0.213218719 -3.018284798 -0.003642560 0.999919355 0.012165428 -0.524518549 0.213276401 -0.011108783 0.976928771 17.595945358
0.984180689 0.005022035 -0.177096874 -3.030534506 -0.003060911 0.999930978 0.011345200 -0.523200095 0.177141622 -0.010623649 0.984128118 17.663486481
0.990661025 0.004932835 -0.136258408 -3.046863317 -0.003518454 0.999937415 0.010619024 -0.527933776 0.136302263 -0.010040437 0.990616441 17.765924454
0.992424011 0.003526233 -0.122808591 -3.051897287 -0.002240679 0.999941230 0.010604489 -0.531543791 0.122838758 -0.010248979 0.992373705 17.862117767
0.994070709 0.003290063 -0.108685322 -3.071150303 -0.002130059 0.999939561 0.010787428 -0.528022170 0.108714253 -0.010491961 0.994017661 17.967866898
0.995413899 0.001966621 -0.095641725 -3.078941107 -0.001091044 0.999957025 0.009206194 -0.532092988 0.095655724 -0.009059624 0.995373249 18.064737320
0.996474326 0.002258164 -0.083867326 -3.085674286 -0.001649552 0.999971807 0.007325424 -0.534016013 0.083881490 -0.007161253 0.996449947 18.161802292
0.997015536 0.002009277 -0.077173918 -3.087641239 -0.001412319 0.999968708 0.007789029 -0.534908891 0.077187136 -0.007656789 0.996987224 18.221979141
0.997860670 0.002954165 -0.065309793 -3.094308376 -0.002584448 0.999980092 0.005744730 -0.535726786 0.065325461 -0.005563650 0.997848511 18.316318512
0.998567402 0.002745899 -0.053437393 -3.098940372 -0.002398780 0.999975502 0.006558857 -0.539965332 0.053454109 -0.006421275 0.998549700 18.409673691
0.999263406 0.003645436 -0.038200125 -3.103497744 -0.003373612 0.999968410 0.007177808 -0.542888403 0.038225096 -0.007043648 0.999244332 18.509061813
0.999720156 0.002591156 -0.023511760 -3.105334520 -0.002411686 0.999967813 0.007658360 -0.543620884 0.023530843 -0.007599514 0.999694228 18.607549667
0.999891579 0.003217378 -0.014372918 -3.108485699 -0.003114906 0.999969602 0.007146206 -0.545181334 0.014395473 -0.007100660 0.999871194 18.671390533
