1.000000000 -0.000000000 0.000000000 0.000000000 -0.000000000 1.000000000 0.000000000 0.000000000 0.000000000 0.000000000 1.000000000 0.000000000
1.000000000 0.000038349 0.000041723 -0.000226107 -0.000038347 1.000000000 -0.000053746 0.000312803 -0.000041725 0.000053744 1.000000000 0.000357677
1.000000000 0.000106959 0.000063737 -0.000097199 -0.000106966 1.000000000 0.000117566 -0.000212261 -0.000063724 -0.000117573 1.000000000 0.000112392
1.000000000 -0.000162436 -0.000027483 0.000063667 0.000162438 1.000000000 0.000097104 -0.000003423 0.000027467 -0.000097109 1.000000000 0.000135919
1.000000000 0.000109063 0.000031057 -0.000292402 -0.000109064 1.000000000 0.000029953 -0.000205764 -0.000031053 -0.000029957 1.000000000 -0.000324546
1.000000000 0.000171989 0.000092946 -0.000180783 -0.000171998 1.000000000 0.000105897 0.000201475 -0.000092928 -0.000105913 1.000000000 0.000092661
1.000000000 -0.000008224 -0.000024601 0.000015484 0.000008224 1.000000000 -0.000025715 0.000125144 0.000024601 0.000025715 1.000000000 0.000413045
1.000000000 0.000142874 0.000014358 -0.000463371 -0.000142874 1.000000000 -0.000006548 0.000304909 -0.000014359 0.000006546 1.000000000 -0.000090260
1.000000000 -0.000007353 -0.000050815 -0.000109415 0.000007353 1.000000000 0.000007169 0.000000642 0.000050815 -0.000007169 1.000000000 0.000014797
1.000000000 0.000050626 -0.000014735 -0.000288710 -0.000050625 1.000000000 0.000099205 0.000354351 0.000014740 -0.000099204 1.000000000 0.000312723
1.000000000 0.000074981 -0.000053054 -0.000145350 -0.000074971 1.000000000 0.000186300 -0.000035654 0.000053068 -0.000186296 1.000000000 0.000476030
1.000000000 0.000029450 0.000060709 -0.000118858 -0.000029454 1.000000000 0.000062924 -0.000114825 -0.000060708 -0.000062926 1.000000000 -0.000303185
1.000000000 0.000119039 0.000024792 -0.000397581 -0.000119040 1.000000000 0.000014419 0.000177945 -0.000024790 -0.000014422 1.000000000 -0.000306864
1.000000000 0.000139542 0.000099200 -0.000011349 -0.000139549 1.000000000 0.000074180 0.000225160 -0.000099190 -0.000074194 1.000000000 0.000333452
1.000000000 -0.000018606 -0.000021835 -0.000105260 0.000018608 1.000000000 0.000085877 -0.000508941 0.000021834 -0.000085877 1.000000000 -0.000177533
1.000000000 0.000113366 0.000126068 -0.000381819 -0.000113365 1.000000000 -0.000008930 0.000175811 -0.000126069 0.000008915 1.000000000 -0.000175289
1.000000000 0.000076826 0.000036446 -0.000432009 -0.000076825 1.000000000 -0.000028561 0.000654668 -0.000036448 0.000028558 1.000000000 -0.000000901
1.000000000 0.000160323 0.000022903 -0.000257395 -0.000160322 1.000000000 -0.000036284 0.000194220 -0.000022909 0.000036280 1.000000000 -0.000031311
1.000000000 0.000207931 0.000103092 -0.000684365 -0.000207936 1.000000000 0.000040257 0.000124763 -0.000103084 -0.000040278 1.000000000 -0.000004182
1.000000000 0.000090253 -0.000073515 -0.000012313 -0.000090246 1.000000000 0.000092564 0.000047823 0.000073523 -0.000092558 1.000000000 0.000348078
1.000000000 0.000137973 -0.000016106 -0.000285405 -0.000137972 1.000000000 0.000058738 0.000414207 0.000016114 -0.000058736 1.000000000 0.000421707
1.000000000 -0.000024976 -0.000012143 -0.000227469 0.000024974 1.000000000 -0.000131886 0.000773888 0.000012146 0.000131885 1.000000000 0.000462750
0.999999642 0.000545147 0.000679307 0.000467945 -0.000544159 0.999998808 -0.001454344 0.001946012 -0.000680099 0.001453974 0.999998689 0.004713274
0.999999881 0.000290292 0.000345804 0.001653829 -0.000290525 0.999999702 0.000673499 0.000214428 -0.000345608 -0.000673599 0.999999702 0.020262908
0.999999821 0.000480554 -0.000286736 -0.000120567 -0.000480373 0.999999702 0.000631353 -0.001580370 0.000287039 -0.000631215 0.999999762 0.027693944
0.999999940 0.000211878 0.000331545 -0.001369554 -0.000211972 0.999999940 0.000283347 -0.001916407 -0.000331485 -0.000283417 0.999999881 0.037955709
0.999999702 0.000297868 0.000683851 -0.001023319 -0.000297936 0.999999940 0.000098486 -0.002220883 -0.000683822 -0.000098690 0.999999762 0.052852135
0.999999762 0.000485628 0.000436766 -0.001566991 -0.000485719 0.999999881 0.000208351 -0.003737378 -0.000436665 -0.000208563 0.999999881 0.065524369
0.999999344 0.000411856 0.001051130 -0.002354788 -0.000411480 0.999999881 -0.000358135 -0.003792190 -0.001051278 0.000357702 0.999999404 0.079876609
0.999998808 0.001512759 0.000299770 -0.003977760 -0.001512612 0.999998748 -0.000489927 -0.007150237 -0.000300510 0.000489473 0.999999821 0.098788321
0.999997795 0.001118819 -0.001793882 -0.005871109 -0.001119265 0.999999344 -0.000247716 -0.004023522 0.001793604 0.000249723 0.999998331 0.123074882
0.999962032 0.001602782 -0.008565440 -0.008975426 -0.001609399 0.999998391 -0.000765724 -0.009170164 0.008564199 0.000779480 0.999963045 0.148782551
0.999813795 0.003450721 -0.018985646 -0.009342545 -0.003433527 0.999993682 0.000938131 -0.010729150 0.018988762 -0.000872769 0.999819338 0.183971256
0.999786615 0.003459506 -0.020364199 -0.011433239 -0.003430086 0.999993026 0.001479469 -0.010996663 0.020369174 -0.001409302 0.999791563 0.225568071
0.999545574 0.003343725 -0.029957149 -0.015439098 -0.003286235 0.999992669 0.001968104 -0.015519061 0.029963510 -0.001868763 0.999549270 0.255851269
0.999147117 0.004759683 -0.041016940 -0.020459458 -0.004812574 0.999987721 -0.001190871 -0.015988374 0.041010767 0.001387252 0.999157727 0.288901031
0.997854710 0.002540677 -0.065418102 -0.034559704 -0.002503596 0.999996662 0.000648806 -0.016357105 0.065419532 -0.000483633 0.997857749 0.333033264
0.994447172 0.002667705 -0.105203062 -0.039949872 -0.002535644 0.999995828 0.001389023 -0.021012932 0.105206326 -0.001114552 0.994449794 0.378807724
0.989334464 0.006190373 -0.145530105 -0.051748380 -0.006399390 0.999979079 -0.000968140 -0.023859460 0.145521060 0.001889118 0.989353359 0.411596656
0.982386112 0.009648100 -0.186612993 -0.052267052 -0.010081078 0.999948204 -0.001371332 -0.021479197 0.186590105 0.003228438 0.982432544 0.443305671
0.975918651 0.011807173 -0.217814744 -0.059492476 -0.012114760 0.999926507 -0.000076738 -0.027670426 0.217797846 0.002713664 0.975990117 0.491242200
0.973581672 0.013008043 -0.227968335 -0.069167934 -0.013518124 0.999908328 -0.000676167 -0.027635010 0.227938652 0.003740009 0.973668277 0.541955948
0.972794294 0.011592378 -0.231380537 -0.080707960 -0.012332036 0.999922335 -0.001750601 -0.029738195 0.231342301 0.004556367 0.972861826 0.591958404
0.972323835 0.012188965 -0.233319163 -0.093678452 -0.012632803 0.999920070 -0.000407950 -0.032909442 0.233295545 0.003344134 0.972400129 0.645566463
0.971856356 0.010512075 -0.235339671 -0.114092618 -0.011367420 0.999932766 -0.002278112 -0.036909368 0.235299900 0.004889203 0.971910536 0.702977300
0.971831620 0.011839971 -0.235378385 -0.119721599 -0.012709077 0.999916852 -0.002175632 -0.039069526 0.235333070 0.005105790 0.971901298 0.746993780
0.971642792 0.008566240 -0.236298069 -0.136672065 -0.008832566 0.999961019 -0.000068520 -0.042910203 0.236288279 0.002153695 0.971680522 0.823971748
0.972047031 0.008245917 -0.234640911 -0.150185972 -0.008274135 0.999965370 0.000864223 -0.048089068 0.234639898 0.001101384 0.972081661 0.877549052
0.974010646 0.013364526 -0.226107553 -0.168540686 -0.013704364 0.999906063 0.000066664 -0.046774507 0.226087183 0.003033729 0.974102318 0.954482257
0.979904950 0.009400824 -0.199243173 -0.163362876 -0.010004085 0.999947846 -0.002021243 -0.063032389 0.199213818 0.003973873 0.979947984 1.021003127
0.988677204 0.001057756 -0.150054008 -0.169359565 -0.000750063 0.999997437 0.002107121 -0.058883350 0.150055870 -0.001970713 0.988675535 1.076008201
0.994083583 0.006045200 -0.108448930 -0.161578208 -0.007085361 0.999932468 -0.009208461 -0.055642631 0.108385950 0.009922379 0.994059324 1.133001447
0.999064505 0.002862313 -0.043149404 -0.162166029 -0.003113476 0.999978542 -0.005754689 -0.060291398 0.043132007 0.005883648 0.999052107 1.214331985
0.999990821 -0.002710578 -0.003301416 -0.170093343 0.002703058 0.999993682 -0.002280508 -0.071685024 0.003307564 0.002271561 0.999992013 1.298716903
0.999837935 -0.001829162 0.017908966 -0.171389952 0.001792583 0.999996424 0.002058306 -0.077614240 -0.017912664 -0.002025869 0.999837458 1.361536503
0.999642670 -0.003589846 0.026489506 -0.173692390 0.003581371 0.999993503 0.000367357 -0.076721415 -0.026490653 -0.000272357 0.999648988 1.414098263
0.999599159 -0.007084213 0.027408518 -0.169538140 0.007097413 0.999974847 -0.000384332 -0.081184037 -0.027405100 0.000578707 0.999624193 1.464064837
0.999506295 -0.008382117 0.030281587 -0.172361836 0.008218555 0.999951065 0.005521832 -0.081868336 -0.030326385 -0.005270234 0.999526083 1.519251466
0.999447763 -0.008014196 0.032248579 -0.165510193 0.007723902 0.999928653 0.009116285 -0.084364168 -0.032319337 -0.008862167 0.999438286 1.610274315
0.999395251 -0.009157788 0.033547286 -0.163141370 0.008814630 0.999907494 0.010362747 -0.086203732 -0.033639077 -0.010060773 0.999383390 1.689686060
0.999366343 -0.009531255 0.034293137 -0.161366358 0.009122252 0.999885619 0.012063406 -0.092907071 -0.034404192 -0.011742932 0.999338984 1.765833855
0.999337792 -0.007761437 0.035548545 -0.162740096 0.007337537 0.999900699 0.012039497 -0.099204145 -0.035638444 -0.011770687 0.999295413 1.839597225
0.999326885 -0.006758631 0.036056288 -0.157783344 0.006384456 0.999924600 0.010482605 -0.100916788 -0.036124416 -0.010245347 0.999294817 1.931450725
0.999291837 -0.008475823 0.036661468 -0.155990034 0.008174453 0.999931633 0.008362412 -0.105898969 -0.036729842 -0.008056801 0.999292791 2.006896496
0.999271154 -0.007379855 0.037452031 -0.154979691 0.007100057 0.999945939 0.007598303 -0.107354656 -0.037506081 -0.007326853 0.999269545 2.085679293
0.999214709 -0.007163205 0.038971331 -0.154063240 0.006916992 0.999955297 0.006448923 -0.113130189 -0.039015781 -0.006174291 0.999219537 2.162693739
0.999315679 -0.006303326 0.036449727 -0.146775201 0.006059661 0.999958694 0.006791568 -0.113765575 -0.036491025 -0.006566048 0.999312460 2.251063824
0.999446154 -0.006287450 0.032679576 -0.144805819 0.006115464 0.999966860 0.005360089 -0.114010505 -0.032712199 -0.005157270 0.999451518 2.326959848
0.999587655 -0.004281917 0.028398264 -0.147470787 0.004162372 0.999982178 0.004267403 -0.116986513 -0.028416030 -0.004147438 0.999587595 2.404738665
0.999680102 -0.003868775 0.024998693 -0.144932866 0.003716376 0.999974132 0.006139883 -0.121643126 -0.025021799 -0.006045013 0.999668658 2.462757111
0.999622107 -0.004435546 0.027132792 -0.144925445 0.004278493 0.999973774 0.005843619 -0.122570425 -0.027157998 -0.005725324 0.999614775 2.475040913
0.999628484 -0.004666735 0.026856050 -0.144829214 0.004517657 0.999974012 0.005609058 -0.123134039 -0.026881525 -0.005485647 0.999623597 2.477333069
0.999625683 -0.005012897 0.026900109 -0.145652696 0.004849625 0.999969423 0.006131377 -0.123573236 -0.026930017 -0.005998625 0.999619365 2.476479769
0.999625802 -0.004558962 0.026976576 -0.146304667 0.004408719 0.999974370 0.005626273 -0.123023614 -0.027001537 -0.005505236 0.999620259 2.479190588
0.999620795 -0.004678086 0.027135553 -0.144601300 0.004525858 0.999973655 0.005668622 -0.123455517 -0.027161358 -0.005543660 0.999615669 2.481387377
0.999626040 -0.004625795 0.026949106 -0.144320115 0.004471896 0.999973476 0.005768234 -0.123451270 -0.026975069 -0.005645564 0.999620080 2.481943607
0.999622166 -0.004662762 0.027085669 -0.144538581 0.004511594 0.999973953 0.005639544 -0.123437196 -0.027111260 -0.005515214 0.999617100 2.481306791
0.999622941 -0.004559935 0.027074235 -0.144636899 0.004408408 0.999974310 0.005653780 -0.123436987 -0.027099319 -0.005532295 0.999617338 2.481729269
0.999619305 -0.004500689 0.027220236 -0.144746542 0.004352042 0.999975324 0.005517733 -0.123398356 -0.027244397 -0.005397168 0.999614179 2.481557369
0.999623895 -0.004758687 0.027005861 -0.144435868 0.004607259 0.999973357 0.005666678 -0.123828217 -0.027032107 -0.005540124 0.999619126 2.482325315
0.999624550 -0.004586113 0.027010318 -0.140660286 0.004614471 0.999988914 -0.000987655 -0.127775818 -0.027005488 0.001111923 0.999634624 2.501623392
0.999584734 -0.004833914 0.028407434 -0.144533232 0.004663711 0.999970794 0.006054722 -0.135935575 -0.028435873 -0.005919724 0.999577999 2.607535124
0.999585390 -0.006328033 0.028089235 -0.140373677 0.006306253 0.999979854 0.000863865 -0.135141462 -0.028094133 -0.000686369 0.999605000 2.703247309
0.999571443 -0.006222760 0.028604684 -0.139666960 0.006232602 0.999980509 -0.000254914 -0.139562875 -0.028602540 0.000433087 0.999590814 2.802816391
0.999531865 -0.005482749 0.030099407 -0.136787057 0.005548251 0.999982417 -0.002093114 -0.152889356 -0.030087398 0.002259134 0.999544740 2.908043861
0.999469638 -0.006083253 0.031991333 -0.139936477 0.005931057 0.999970675 0.004850165 -0.161352545 -0.032019898 -0.004657850 0.999476373 3.051958561
0.999472618 -0.004642093 0.032139488 -0.137813151 0.004211389 0.999900579 0.013455853 -0.159539402 -0.032198757 -0.013313406 0.999392807 3.168789864
0.999475062 -0.004498568 0.032082058 -0.140154317 0.003786403 0.999745846 0.022224553 -0.173437551 -0.032173883 -0.022091415 0.999238193 3.313945532
0.999616623 -0.002477604 0.027573878 -0.141668171 0.001880735 0.999763846 0.021651104 -0.180891037 -0.027621008 -0.021590944 0.999385297 3.456068516
0.999837220 -0.003080778 0.017777404 -0.140491322 0.002721145 0.999791861 0.020218616 -0.184350863 -0.017835991 -0.020166952 0.999637485 3.636675596
0.999927998 -0.004143269 0.011262815 -0.140934885 0.004000385 0.999911547 0.012679361 -0.191092074 -0.011314356 -0.012633392 0.999856174 3.782160997
0.999946296 -0.002162727 0.010134492 -0.140707687 0.002044526 0.999929845 0.011659162 -0.191163361 -0.010159003 -0.011637814 0.999880672 3.939529657
0.999958158 -0.002714654 0.008734540 -0.142471835 0.002648069 0.999967396 0.007625756 -0.204841018 -0.008754957 -0.007602305 0.999932826 4.100312233
0.999957383 -0.003202756 0.008652196 -0.134358630 0.003152218 0.999977946 0.005848371 -0.206910267 -0.008670735 -0.005820849 0.999945462 4.275935173
0.999969006 -0.002346997 0.007510787 -0.134560585 0.002261098 0.999932230 0.011424942 -0.220863909 -0.007537092 -0.011407604 0.999906480 4.462531567
0.999970317 -0.002709594 0.007204336 -0.125516236 0.002614208 0.999909282 0.013216730 -0.227334291 -0.007239494 -0.013197506 0.999886692 4.602776051
0.999956250 -0.008040536 0.004786473 -0.130346194 0.007983447 0.999898195 0.011829073 -0.235826090 -0.004881097 -0.011790344 0.999918520 4.818811417
0.999952972 -0.005708870 0.007848142 -0.133305520 0.005613898 0.999911427 0.012070460 -0.239947841 -0.007916355 -0.012025833 0.999896288 4.987998962
0.999953151 -0.004191798 0.008733524 -0.133110270 0.004040710 0.999843121 0.017246062 -0.263297379 -0.008804446 -0.017209964 0.999813139 5.164765358
0.999955416 -0.003232058 0.008865804 -0.147754341 0.003044246 0.999772370 0.021116152 -0.251773477 -0.008932034 -0.021088218 0.999737680 5.365859985
0.999963403 -0.001703638 0.008381207 -0.150645033 0.001532217 0.999790430 0.020417094 -0.262997150 -0.008414233 -0.020403504 0.999756396 5.531424522
0.999950588 -0.002290980 0.009670474 -0.145843953 0.002110889 0.999825001 0.018592097 -0.264205158 -0.009711375 -0.018570764 0.999780357 5.760771275
0.999937534 -0.002351715 0.010927071 -0.155616626 0.002185543 0.999882102 0.015194597 -0.269207716 -0.010961516 -0.015169763 0.999824882 5.941349983
0.999946415 -0.003164262 0.009850998 -0.155045345 0.003010780 0.999874473 0.015556485 -0.276770771 -0.009898986 -0.015525992 0.999830484 6.125335217
0.999940217 -0.003467521 0.010374608 -0.161744878 0.003295203 0.999857128 0.016580908 -0.281550974 -0.010430619 -0.016545730 0.999808788 6.312494278
0.999929070 -0.002483448 0.011649424 -0.177319989 0.002281101 0.999846995 0.017350970 -0.280476213 -0.011690732 -0.017323164 0.999781609 6.501328945
0.999925435 -0.004078784 0.011508853 -0.176222399 0.003866572 0.999823213 0.018401446 -0.289474428 -0.011581874 -0.018355571 0.999764442 6.684630871
0.999903738 -0.005132274 0.012890238 -0.181840450 0.004880117 0.999797583 0.019517578 -0.299430102 -0.012987799 -0.019452792 0.999726355 6.873954773
0.999904752 -0.005039707 0.012846109 -0.181474715 0.004834647 0.999861121 0.015944211 -0.305617332 -0.012924680 -0.015880583 0.999790311 7.052477837
0.999884605 -0.006400619 0.013775894 -0.187655479 0.006176322 0.999848604 0.016263185 -0.303772569 -0.013877905 -0.016176224 0.999772847 7.246278763
0.999878526 -0.004675696 0.014867858 -0.190676033 0.004468156 0.999892473 0.013961677 -0.313317329 -0.014931541 -0.013893550 0.999792039 7.425163269
0.999883115 -0.005274602 0.014350928 -0.205067173 0.005096971 0.999910295 0.012386269 -0.317584395 -0.014414974 -0.012311676 0.999820292 7.613187790
0.999861538 -0.005811499 0.015594518 -0.206455082 0.005675687 0.999945700 0.008739175 -0.325740963 -0.015644457 -0.008649455 0.999840260 7.796098709
0.999820530 -0.005974617 0.017976457 -0.228031099 0.005827386 0.999949157 0.008231460 -0.336294800 -0.018024730 -0.008125227 0.999804497 7.974875450
0.999819100 -0.005364089 0.018245833 -0.229176119 0.005151799 0.999918759 0.011662162 -0.347784430 -0.018306911 -0.011566055 0.999765456 8.161819458
0.999779940 -0.006290547 0.020014472 -0.257550746 0.006015081 0.999886692 0.013793949 -0.358579963 -0.020098977 -0.013670521 0.999704540 8.345367432
0.999770522 -0.001796420 0.021348566 -0.259367406 0.001642418 0.999972463 0.007229050 -0.364138186 -0.021360962 -0.007192326 0.999745965 8.526781082
0.999668837 0.000496111 0.025727954 -0.313037425 -0.000854232 0.999902844 0.013910410 -0.392866731 -0.025718555 -0.013927781 0.999572217 8.675365448
0.999758899 -0.000446042 0.021952556 -0.308914602 0.000184037 0.999928713 0.011935632 -0.401101142 -0.021956319 -0.011928714 0.999687731 8.855046272
0.999799967 0.000117251 0.019999918 -0.354473293 -0.000411585 0.999891639 0.014713292 -0.412239313 -0.019996025 -0.014718581 0.999691725 9.071593285
0.999906182 0.000011996 0.013696072 -0.355044425 -0.000155225 0.999945223 0.010456666 -0.413275272 -0.013695193 -0.010457812 0.999851584 9.249540329
0.999883652 0.003390303 0.014872305 -0.451959223 -0.003612215 0.999882162 0.014919803 -0.432805479 -0.014819969 -0.014971787 0.999778092 9.461648941
0.999972463 0.002574995 0.006961745 -0.451550573 -0.002688224 0.999863386 0.016304368 -0.433851331 -0.006918811 -0.016322633 0.999842823 9.648481369
0.999982417 -0.000762569 -0.005879909 -0.442179590 0.000870756 0.999829948 0.018418794 -0.447065741 0.005864861 -0.018423591 0.999813020 9.892876625
0.999929607 -0.000284898 -0.011860485 -0.449168891 0.000442320 0.999911726 0.013272315 -0.446924597 0.011855655 -0.013276625 0.999841511 10.075408936
0.999761403 -0.002013819 -0.021755746 -0.445976108 0.002290331 0.999916792 0.012692356 -0.462450087 0.021728380 -0.012739155 0.999682784 10.269972801
0.999644160 0.000361000 -0.026672374 -0.453753889 -0.000053878 0.999933720 0.011514410 -0.466612220 0.026674757 -0.011508876 0.999577940 10.457218170
0.999541283 0.000788900 -0.030275887 -0.462000608 -0.000476900 0.999946654 0.010311072 -0.472320408 0.030282414 -0.010291903 0.999488294 10.637746811
0.999558330 0.003699647 -0.029485337 -0.470061272 -0.003399840 0.999942005 0.010211701 -0.480854332 0.029521409 -0.010106944 0.999513030 10.861777306
0.999522030 0.002423536 -0.030817380 -0.467244327 -0.001990659 0.999899030 0.014069445 -0.482797533 0.030848367 -0.014001375 0.999426007 11.101130486
0.999488592 0.000585186 -0.031972781 -0.470143437 -0.000150906 0.999907672 0.013583528 -0.489982873 0.031977769 -0.013571755 0.999396443 11.268449783
0.999523997 0.001804734 -0.030796545 -0.477052212 -0.001369393 0.999898911 0.014151295 -0.496082991 0.030818975 -0.014102387 0.999425471 11.495732307
0.999490678 0.003144945 -0.031756453 -0.489596128 -0.002654786 0.999876857 0.015465332 -0.506152689 0.031801187 -0.015373149 0.999375939 11.713125229
0.999485552 0.000768366 -0.032062966 -0.488774240 -0.000164122 0.999822438 0.018843940 -0.510863602 0.032071754 -0.018828986 0.999308228 11.941655159
0.999495983 -0.001970501 -0.031685010 -0.498859912 0.002351140 0.999925494 0.011980426 -0.523205698 0.031659048 -0.012048884 0.999426186 12.146177292
0.999556422 0.002004884 -0.029714683 -0.500130057 -0.001834780 0.999981761 0.005750711 -0.525725245 0.029725671 -0.005693640 0.999541879 12.368876457
0.999562621 -0.000545208 -0.029569525 -0.504688323 0.000749535 0.999975860 0.006899430 -0.538627207 0.029565051 -0.006918575 0.999538958 12.536478996
0.999560237 -0.002845015 -0.029516589 -0.497903675 0.002959055 0.999988317 0.003820631 -0.537281871 0.029505366 -0.003906292 0.999556959 12.703141212
0.999540031 -0.000352674 -0.030324187 -0.508974493 0.000736170 0.999919951 0.012636294 -0.544597208 0.030317299 -0.012652806 0.999460161 12.935345650
0.999560773 -0.003269460 -0.029455468 -0.504767120 0.003813952 0.999822497 0.018448088 -0.545665443 0.029389929 -0.018552326 0.999395788 13.112156868
0.999450505 -0.002158848 -0.033075575 -0.511020839 0.002774363 0.999823630 0.018574793 -0.554000556 0.033029642 -0.018656347 0.999280214 13.245826721
0.999384642 0.001512962 -0.035042640 -0.516873837 -0.000839096 0.999814689 0.019236602 -0.564279735 0.035065252 -0.019195361 0.999200642 13.371345520
0.999552310 -0.000828665 -0.029908389 -0.525603354 0.001299493 0.999875426 0.015726343 -0.563926101 0.029891636 -0.015758168 0.999428868 13.539852142
0.998937070 -0.001570453 -0.046070457 -0.523579419 0.002221472 0.999898374 0.014083153 -0.568237007 0.046043664 -0.014170526 0.998838961 13.709782600
0.997890770 0.002055569 -0.064881593 -0.547465146 -0.001605732 0.999974310 0.006984582 -0.560623586 0.064894281 -0.006865669 0.997868478 13.883914948
0.992553890 0.004646954 -0.121717602 -0.571215391 -0.003905497 0.999972343 0.006329479 -0.577620506 0.121743634 -0.005806982 0.992544591 14.021061897
0.977929533 0.005545187 -0.208861113 -0.603432477 -0.004342127 0.999971211 0.006218169 -0.577472508 0.208889559 -0.005174029 0.977925539 14.139761925
0.954264700 0.011589489 -0.298738241 -0.646705270 -0.008712905 0.999901891 0.010959214 -0.588105142 0.298835963 -0.007855113 0.954272151 14.256777763
0.923357368 0.015839983 -0.383614749 -0.694725692 -0.008571976 0.999750197 0.020648384 -0.594395757 0.383845955 -0.015777506 0.923262358 14.383044243
0.888766110 0.019555092 -0.457943678 -0.756190777 -0.012170585 0.999744117 0.019070651 -0.597645402 0.458199441 -0.011375911 0.888776600 14.492021561
0.848206997 0.025141893 -0.529068053 -0.830138862 -0.015997963 0.999633133 0.021855580 -0.601866126 0.529423475 -0.010074047 0.848297954 14.604474068
0.801842809 0.026733628 -0.596936703 -0.916985452 -0.019242266 0.999635816 0.018920965 -0.609061897 0.597225130 -0.003685227 0.802065194 14.704121590
0.751609921 0.028132128 -0.659007609 -1.009684324 -0.020416344 0.999603570 0.019386500 -0.616000772 0.659291685 -0.001116560 0.751886368 14.801324844
0.716418505 0.034270715 -0.696828604 -1.131727338 -0.032572832 0.999346673 0.015660305 -0.608497381 0.696910083 0.011478350 0.717066705 14.888024330
0.674662650 0.037383966 -0.737178862 -1.235829473 -0.033430111 0.999239326 0.020078545 -0.628852129 0.737368643 0.011097725 0.675399303 15.009957314
0.634503305 0.036448643 -0.772060156 -1.356904984 -0.035993610 0.999197185 0.017591007 -0.630353093 0.772081494 0.016627677 0.635305882 15.103810310
0.596784770 0.038496591 -0.801477373 -1.486654639 -0.039981425 0.999034345 0.018215261 -0.634051859 0.801404595 0.021173615 0.597747684 15.194471359
0.553991556 0.040187664 -0.831551671 -1.611124516 -0.043162800 0.998877347 0.019518593 -0.636835456 0.831402600 0.025078960 0.555104256 15.283500671
0.514625013 0.041550696 -0.856407881 -1.751190424 -0.048136041 0.998649955 0.019526420 -0.645812392 0.856062949 0.031175308 0.515930355 15.361053467
0.471287251 0.044218622 -0.880870640 -1.890756369 -0.048736684 0.998522222 0.024049262 -0.655640304 0.880632222 0.031596608 0.472745776 15.434614182
0.430124253 0.040128987 -0.901877403 -2.029311180 -0.049896073 0.998541355 0.020633552 -0.652056634 0.901389718 0.036125153 0.431499153 15.496228218
0.386136502 0.042009737 -0.921484590 -2.176797152 -0.052168261 0.998358190 0.023653883 -0.664784551 0.920965195 0.038938615 0.387694150 15.557066917
0.342289060 0.038572703 -0.938802660 -2.318437815 -0.051871657 0.998408973 0.022109259 -0.662496865 0.938161731 0.041129492 0.343745291 15.604108810
0.298417896 0.039327987 -0.953624725 -2.468893528 -0.054414019 0.998226583 0.024139609 -0.675379694 0.952882886 0.044686858 0.300028771 15.647824287
0.252517402 0.039067019 -0.966803372 -2.619135857 -0.053393818 0.998224735 0.026390888 -0.678655863 0.966118038 0.044957168 0.254155040 15.685300827
0.207818255 0.031632110 -0.977655888 -2.767581463 -0.053346850 0.998356044 0.020962032 -0.680084646 0.976711690 0.047798574 0.209164113 15.716030121
0.186167940 0.033280142 -0.981954157 -2.940269232 -0.057171810 0.998099625 0.022988182 -0.687579632 0.980853140 0.051860441 0.187716857 15.748847008
0.183926165 0.031322923 -0.982440889 -3.134489298 -0.057173315 0.998140812 0.021119863 -0.690854728 0.981275916 0.052284904 0.185375065 15.784327507
0.181613728 0.036630280 -0.982687473 -3.325736284 -0.056313351 0.998053491 0.026795603 -0.701461434 0.981756210 0.050471976 0.183322966 15.820878029
0.181679711 0.038356278 -0.982609391 -3.516644478 -0.058637396 0.997883439 0.028110737 -0.706753969 0.981607914 0.052510507 0.183544278 15.850966454
0.180936873 0.036000848 -0.982835591 -3.703613043 -0.054787315 0.998147011 0.026475534 -0.706839323 0.981967509 0.049056526 0.182573989 15.888356209
0.181727424 0.035442643 -0.982710004 -3.896450520 -0.054637469 0.998170495 0.025896413 -0.715150476 0.981829822 0.048986707 0.183331445 15.922652245
0.183565378 0.037515797 -0.982291341 -4.083937168 -0.057037201 0.997994423 0.027456725 -0.720514834 0.981351376 0.050987035 0.185337022 15.951807022
0.184061483 0.038375478 -0.982165337 -4.270975590 -0.057376690 0.997953117 0.028239740 -0.724386215 0.981238723 0.051155537 0.185886577 15.982722282
0.184159219 0.038338065 -0.982148468 -4.466609955 -0.057809003 0.997931719 0.028114608 -0.728994906 0.981194913 0.051599450 0.185994610 16.017623901
0.184446543 0.039657205 -0.982042193 -4.659431934 -0.058369774 0.997863948 0.029333157 -0.737110257 0.981107831 0.051911175 0.186367303 16.048135757
0.185285658 0.036887866 -0.981992126 -4.854736805 -0.058277205 0.997948885 0.026491329 -0.738924265 0.980955184 0.052319292 0.187055305 16.084239960
0.185890794 0.034386627 -0.981968462 -5.039399624 -0.058184758 0.998018861 0.023934061 -0.745899796 0.980846226 0.052686483 0.187523291 16.114780426
0.172169685 0.035837956 -0.984415174 -5.227690697 -0.060721938 0.997823715 0.025706107 -0.757909358 0.983193934 0.055349790 0.173971131 16.138515472
0.134921521 0.036876563 -0.990169883 -5.391712189 -0.060445476 0.997752309 0.028922599 -0.760191083 0.989010870 0.055949014 0.136847317 16.154981613
0.091406897 0.038241897 -0.995079041 -5.552175045 -0.062045738 0.997539520 0.032636996 -0.758194089 0.993878782 0.058757175 0.093554750 16.161138535
0.061763126 0.037291426 -0.997393906 -5.731266022 -0.062601961 0.997478902 0.033418003 -0.763395488 0.996125698 0.060374822 0.063941933 16.178010941
0.058713183 0.039648127 -0.997487187 -5.932426453 -0.062204998 0.997414410 0.035983786 -0.767563820 0.996334910 0.059935972 0.061027687 16.182708740
0.056348849 0.035512738 -0.997779310 -6.124334335 -0.062658474 0.997523069 0.031965021 -0.767172456 0.996443033 0.060718149 0.058434445 16.189777374
0.055357058 0.034861043 -0.997857809 -6.321193695 -0.063610531 0.997483194 0.031319115 -0.773875535 0.996438324 0.061740533 0.057435263 16.197349548
0.055125505 0.034244802 -0.997891903 -6.520480633 -0.061921537 0.997605205 0.030814284 -0.777938187 0.996557534 0.060092356 0.057113979 16.204147339
0.054800801 0.037483428 -0.997793436 -6.717832565 -0.061404850 0.997530103 0.034101065 -0.777157426 0.996607363 0.059400599 0.056967132 16.212696075
0.056283172 0.039224587 -0.997644007 -6.918991566 -0.059988152 0.997555554 0.035836812 -0.784659743 0.996610999 0.057829805 0.058498610 16.221378326
0.057180941 0.038110822 -0.997636139 -7.116690636 -0.058971368 0.997655213 0.034731522 -0.787968576 0.996620655 0.056845982 0.059294309 16.230270386
0.057684638 0.036800474 -0.997656286 -7.311458588 -0.061743312 0.997538745 0.033226132 -0.787823319 0.996423721 0.059681971 0.059814844 16.234010696
0.045719229 0.036891267 -0.998272896 -7.500907421 -0.060121287 0.997607887 0.034113243 -0.790627897 0.997143447 0.058457822 0.047827821 16.235824585
0.025555264 0.038118251 -0.998946309 -7.686572075 -0.057890188 0.997652173 0.036587909 -0.795437932 0.997995794 0.056894183 0.027701942 16.238418579
0.016373241 0.037274797 -0.999170899 -7.881898880 -0.057537701 0.997684121 0.036276463 -0.793900967 0.998209059 0.056896046 0.018480025 16.241224289
0.013722839 0.042133853 -0.999017775 -8.080795288 -0.058369294 0.997441769 0.041265607 -0.794571757 0.998200774 0.057745673 0.016147055 16.241590500
0.013849109 0.043651555 -0.998950839 -8.278453827 -0.060063865 0.997278988 0.042745784 -0.796346903 0.998098493 0.059408855 0.016433302 16.239536285
0.013874801 0.043802172 -0.998943865 -8.476908684 -0.058507215 0.997363925 0.042920258 -0.796503723 0.998190641 0.057849906 0.016400967 16.239580154
0.012467330 0.040228937 -0.999112666 -8.671293259 -0.057538111 0.997563660 0.039448567 -0.803637683 0.998265445 0.056995243 0.014751649 16.241903305
0.013661592 0.036926746 -0.999224603 -8.864013672 -0.057518270 0.997692049 0.036083709 -0.805204034 0.998251021 0.056980703 0.015754025 16.239320755
0.014502079 0.036024321 -0.999245703 -9.060913086 -0.059547111 0.997608125 0.035101078 -0.807921827 0.998120129 0.058993157 0.016612535 16.239248276
0.015960041 0.034607735 -0.999273539 -9.256099701 -0.061544485 0.997539699 0.033564728 -0.807924330 0.997976780 0.060964078 0.018050691 16.233219147
0.015348584 0.036548089 -0.999213934 -9.462231636 -0.060113195 0.997557759 0.035564136 -0.817045927 0.998073459 0.059520092 0.017508123 16.237846375
0.014473614 0.033912729 -0.999319911 -9.656952858 -0.058389347 0.997747779 0.033013690 -0.815851748 0.998188913 0.057871822 0.016421158 16.241565704
0.014976636 0.034111340 -0.999305844 -9.855761528 -0.058049381 0.997761965 0.033188649 -0.824575901 0.998201370 0.057512037 0.016923256 16.238874435
0.015829474 0.034945615 -0.999263883 -10.051547050 -0.057593267 0.997761607 0.033980738 -0.826125026 0.998214543 0.057012975 0.017806675 16.238777161
0.017386770 0.033685885 -0.999281228 -10.254590988 -0.060046971 0.997663438 0.032586582 -0.828161240 0.998044133 0.059437227 0.019368878 16.236444473
0.016647266 0.035524502 -0.999230146 -10.448299408 -0.056211438 0.997821152 0.034537926 -0.834222496 0.998280048 0.055593200 0.018607881 16.236690521
0.016836308 0.032585613 -0.999327123 -10.651992798 -0.057396505 0.997852266 0.031570528 -0.832661152 0.998209476 0.056826353 0.018670447 16.239164352
0.016723447 0.036291391 -0.999201357 -10.850564957 -0.055658899 0.997825325 0.035309855 -0.837241113 0.998309791 0.055023942 0.018707016 16.241954803
0.018273506 0.035157677 -0.999214709 -11.052493095 -0.055615570 0.997869968 0.034093272 -0.839022398 0.998284996 0.054948889 0.020189902 16.245944977
0.018767077 0.037867930 -0.999106526 -11.250005722 -0.055506404 0.997780800 0.036775060 -0.847030759 0.998281956 0.054766651 0.020827347 16.250019073
0.018642182 0.041194532 -0.998977184 -11.440094948 -0.056111842 0.997619152 0.040091414 -0.851299107 0.998250425 0.055307060 0.020909304 16.247083664
0.019583642 0.042261813 -0.998914540 -11.632442474 -0.058502953 0.997442782 0.041052591 -0.850915968 0.998095095 0.057635486 0.022006005 16.241624832
0.019858785 0.043691650 -0.998847604 -11.824486732 -0.056475207 0.997498572 0.042509817 -0.852104306 0.998206377 0.055565931 0.022276605 16.243007660
0.021077722 0.040375091 -0.998962224 -12.006045341 -0.054416705 0.997749448 0.039177898 -0.861639142 0.998295844 0.053534441 0.023227366 16.240047455
0.021307839 0.038253542 -0.999040842 -12.215496063 -0.055637237 0.997764528 0.037018023 -0.869736791 0.998223662 0.054795109 0.023388527 16.250551224
0.023046687 0.035472881 -0.999104798 -12.407677650 -0.059400428 0.997653186 0.034051135 -0.868408203 0.997968137 0.058562484 0.025099710 16.247507095
0.022916822 0.033933066 -0.999161243 -12.593546867 -0.060623676 0.997631669 0.032490645 -0.880189776 0.997897625 0.059828248 0.024919696 16.245599747
0.022376776 0.033163588 -0.999199331 -12.795169830 -0.057263374 0.997851431 0.031836446 -0.886608064 0.998108327 0.056505132 0.024227755 16.256317139
0.024036456 0.027686849 -0.999327600 -12.985469818 -0.058352575 0.997950971 0.026245175 -0.885511696 0.998006642 0.057682492 0.025602808 16.259780884
0.025923021 0.037156582 -0.998973131 -13.184095383 -0.060825158 0.997516036 0.035523999 -0.887045979 0.997811735 0.059841808 0.028118687 16.257539749
0.026455127 0.044127397 -0.998675525 -13.383164406 -0.058949042 0.997355461 0.042507496 -0.885976732 0.997910321 0.057746422 0.028986437 16.262359619
0.026332622 0.050528251 -0.998375416 -13.580562592 -0.061521459 0.996910632 0.048831455 -0.902132809 0.997758329 0.060135659 0.029359842 16.259799957
0.026105896 0.043517727 -0.998711467 -13.770819664 -0.059384771 0.997355163 0.041906338 -0.892789721 0.997893751 0.058214247 0.028621141 16.262670517
0.026895231 0.041531518 -0.998775125 -13.967316628 -0.057792868 0.997529984 0.039923485 -0.896621823 0.997966230 0.056648333 0.029229024 16.268365860
0.029139752 0.043065637 -0.998647153 -14.165794373 -0.060788412 0.997298539 0.041233726 -0.897212923 0.997725248 0.059504632 0.031678922 16.268432617
0.029768920 0.039383885 -0.998780549 -14.363184929 -0.061497808 0.997402549 0.037496593 -0.902254462 0.997663081 0.060306594 0.032113627 16.273321152
0.029358378 0.041219722 -0.998718619 -14.560118675 -0.061770432 0.997314572 0.039345969 -0.909217954 0.997658372 0.060536154 0.031825703 16.276947021
0.030580565 0.039623585 -0.998746574 -14.757311821 -0.061117504 0.997418225 0.037699543 -0.909074247 0.997662008 0.059888024 0.032923307 16.277252197
0.031513337 0.041123468 -0.998656929 -14.955232620 -0.060060371 0.997425556 0.039177511 -0.916936755 0.997697175 0.058745094 0.033902097 16.280414581
0.032923985 0.040310606 -0.998644590 -15.150529861 -0.059346791 0.997502029 0.038307909 -0.917389274 0.997694373 0.058005109 0.035234053 16.284782410
0.034418661 0.036020756 -0.998758137 -15.342860222 -0.061449941 0.997535586 0.033859018 -0.922055423 0.997516572 0.060208250 0.036547322 16.283205032
0.034001559 0.038694881 -0.998672366 -15.540586472 -0.060822364 0.997478068 0.036577810 -0.926935732 0.997569263 0.059497911 0.036269326 16.286567688
0.034210421 0.036318991 -0.998754442 -15.726372719 -0.058992013 0.997670352 0.034258902 -0.923618793 0.997672081 0.057746541 0.036273256 16.287132263
0.034430783 0.035726607 -0.998768270 -15.936129570 -0.055595215 0.997881830 0.033778358 -0.934347928 0.997859478 0.054363720 0.036344081 16.296672821
0.034915581 0.035419255 -0.998762488 -16.133146286 -0.055707406 0.997886956 0.033440754 -0.932804286 0.997836471 0.054470856 0.036814921 16.306470871
0.037159607 0.034524810 -0.998712718 -16.329589844 -0.058114797 0.997786224 0.032330472 -0.937698185 0.997618079 0.056838609 0.039083745 16.303976059
0.036481846 0.037287075 -0.998638451 -16.525205612 -0.057506859 0.997726023 0.035152197 -0.942654967 0.997678220 0.056146141 0.038543146 16.307752609
0.036686085 0.034950346 -0.998715401 -16.730066299 -0.055409107 0.997922003 0.032887217 -0.943306446 0.997789562 0.054131430 0.038546421 16.314474106
0.036723785 0.037912603 -0.998605967 -16.923757553 -0.055257238 0.997828305 0.035850991 -0.948268354 0.997796595 0.053863622 0.038738977 16.317964554
0.039034184 0.039381247 -0.998461485 -17.126384735 -0.054712679 0.997808337 0.037216537 -0.950767100 0.997738898 0.053175788 0.041103296 16.319040298
0.039651953 0.041519545 -0.998350620 -17.324014664 -0.053887010 0.997771204 0.039355196 -0.956596494 0.997759461 0.052237619 0.041800946 16.326784134
0.038305406 0.042278126 -0.998371243 -17.585191727 -0.054450709 0.997708559 0.040160894 -0.964761913 0.997781396 0.052823648 0.040519711 16.332725525
0.029035836 0.039395150 -0.998801768 -17.772167206 -0.054297596 0.997810006 0.037777565 -0.963109076 0.998102546 0.053135630 0.031111307 16.335313797
0.023834394 0.039845228 -0.998921692 -17.972787857 -0.052953035 0.997853041 0.038539149 -0.973286450 0.998312533 0.051977374 0.025893152 16.332946777
0.022407282 0.040201820 -0.998940289 -18.162319183 -0.052801117 0.997844338 0.038973317 -0.973999321 0.998353601 0.051871881 0.024481675 16.333028793
0.019962480 0.036621302 -0.999129832 -18.353111267 -0.052655671 0.997980595 0.035527118 -0.971427739 0.998413146 0.051900640 0.021850485 16.341922760
0.007689521 0.037105605 -0.999281704 -18.537830353 -0.052413400 0.997952700 0.036652923 -0.977856457 0.998595834 0.052093908 0.009618606 16.337533951
-0.012326729 0.036047589 -0.999274135 -18.726287842 -0.053609990 0.997888744 0.036658950 -0.981576562 0.998485863 0.054022960 -0.010368195 16.327842712
-0.025806744 0.033567563 -0.999103189 -18.916973114 -0.051375117 0.998070836 0.034859896 -0.984771371 0.998345912 0.052228663 -0.024032423 16.324863434
-0.027794335 0.031767715 -0.999108732 -19.110130310 -0.051615093 0.998116016 0.033172034 -0.984304249 0.998280168 0.052491084 -0.026102275 16.315275192
-0.028241253 0.037133832 -0.998911142 -19.312410355 -0.053489380 0.997821867 0.038605589 -0.991228998 0.998168945 0.054521400 -0.026193475 16.306919098
-0.027861156 0.038369074 -0.998875082 -19.511493683 -0.052906200 0.997805893 0.039803695 -0.991241992 0.998210728 0.053955670 -0.025770066 16.299522400
-0.028430011 0.038002227 -0.998873115 -19.705650330 -0.053185098 0.997804046 0.039475314 -0.994299650 0.998179853 0.054247443 -0.026346430 16.288562775
-0.027564825 0.036768720 -0.998943508 -19.901016235 -0.050557021 0.997993052 0.038128808 -0.995366096 0.998340726 0.051554624 -0.025650587 16.283525467
-0.025905736 0.036246143 -0.999007046 -20.098302841 -0.048155304 0.998137057 0.037463315 -1.001408696 0.998503864 0.049078006 -0.024112027 16.276227951
-0.025393050 0.037311222 -0.998981059 -20.291387558 -0.048635721 0.998073876 0.038513612 -1.004532695 0.998493731 0.049564149 -0.023529481 16.266592026
-0.024247136 0.037232954 -0.999012351 -20.479551315 -0.052703843 0.997868955 0.038469516 -1.001185417 0.998315752 0.053584572 -0.022233142 16.254560471
-0.025825992 0.037217218 -0.998973370 -20.674640656 -0.053642593 0.997815371 0.038560867 -1.005686522 0.998226166 0.054583397 -0.023773145 16.246887207
-0.025251267 0.040902123 -0.998844087 -20.872016907 -0.050005250 0.997860134 0.042125992 -1.014277458 0.998429716 0.051011175 -0.023151912 16.243503571
-0.023711689 0.038386047 -0.998981714 -21.062557220 -0.050984647 0.997915804 0.039555252 -1.010168791 0.998417854 0.051870652 -0.021705169 16.235273361
-0.022965390 0.039772011 -0.998944819 -21.256029129 -0.051235862 0.997848392 0.040906250 -1.016806960 0.998422503 0.052121233 -0.020878229 16.225873947
-0.021795582 0.036250826 -0.999104977 -21.444324493 -0.056501616 0.997700512 0.037432458 -1.015339494 0.998164654 0.057266910 -0.019697232 16.213130951
-0.022602567 0.038005188 -0.999021828 -21.634826660 -0.055298619 0.997699797 0.039206006 -1.026931763 0.998213947 0.056130685 -0.020448945 16.212064743
-0.023429828 0.032755908 -0.999188662 -21.819435120 -0.052279111 0.998055458 0.033944637 -1.020256042 0.998357594 0.053032026 -0.021671817 16.206754684
-0.021685328 0.034393854 -0.999173045 -22.020503998 -0.053073317 0.997959197 0.035503931 -1.030975938 0.998355150 0.053799346 -0.019815676 16.197076797
-0.021629138 0.034690890 -0.999163985 -22.210271835 -0.051748298 0.998019338 0.035771340 -1.030656815 0.998425901 0.052478738 -0.019791098 16.192518234
-0.019125698 0.034923200 -0.999206901 -22.410924911 -0.055632640 0.997804224 0.035939030 -1.030323148 0.998268068 0.056275886 -0.017140836 16.183130264
